12340
12304
12430
12403
12034
12043
13240
13204
13420
13402
13024
13042
14230
14203
14320
14302
14023
14032
10234
10243
10324
10342
10423
10432
21340
21304
21430
21403
21034
21043
23140
23104
23410
23401
23014
23041
24130
24103
24310
24301
24013
24031
20134
20143
20314
20341
20413
20431
31240
31204
31420
31402
31024
31042
32140
32104
32410
32401
32014
32041
34120
34102
34210
34201
34012
34021
30124
30142
30214
30241
30412
30421
41230
41203
41320
41302
41023
41032
42130
42103
42310
42301
42013
42031
43120
43102
43210
43201
43012
43021
40123
40132
40213
40231
40312
40321
01234
01243
01324
01342
01423
01432
02134
02143
02314
02341
02413
02431
03124
03142
03214
03241
03412
03421
04123
04132
04213
04231
04312
04321
