123000
120300
120030
120003
132000
102300
102030
102003
130200
103200
100230
100203
130020
103020
100320
100023
130002
103002
100302
100032
012300
012030
012003
312000
013200
010230
010203
310200
013020
010320
010023
310020
013002
010302
010032
310002
213000
210300
210030
210003
001230
001203
301200
031200
001320
001023
301020
031020
001302
001032
301002
031002
201300
201030
201003
231000
021300
021030
021003
321000
000123
300120
030120
003120
000132
300102
030102
003102
200130
200103
230100
203100
020130
020103
320100
023100
002130
002103
302100
032100
300012
030012
003012
000312
200013
230010
203010
200310
020013
320010
023010
020310
002013
302010
032010
002310
000213
300210
030210
003210
230001
203001
200301
200031
320001
023001
020301
020031
302001
032001
002301
002031
300201
030201
003201
000231
300021
030021
003021
000321