001234
001243
001324
001342
001423
001432
002134
002143
002314
002341
002413
002431
003124
003142
003214
003241
003412
003421
004123
004132
004213
004231
004312
004321
010234
010243
010324
010342
010423
010432
012034
012043
012304
012340
012403
012430
013024
013042
013204
013240
013402
013420
014023
014032
014203
014230
014302
014320
020134
020143
020314
020341
020413
020431
021034
021043
021304
021340
021403
021430
023014
023041
023104
023140
023401
023410
024013
024031
024103
024130
024301
024310
030124
030142
030214
030241
030412
030421
031024
031042
031204
031240
031402
031420
032014
032041
032104
032140
032401
032410
034012
034021
034102
034120
034201
034210
040123
040132
040213
040231
040312
040321
041023
041032
041203
041230
041302
041320
042013
042031
042103
042130
042301
042310
043012
043021
043102
043120
043201
043210
100234
100243
100324
100342
100423
100432
102034
102043
102304
102340
102403
102430
103024
103042
103204
103240
103402
103420
104023
104032
104203
104230
104302
104320
120034
120043
120304
120340
120403
120430
123004
123040
123400
124003
124030
124300
130024
130042
130204
130240
130402
130420
132004
132040
132400
134002
134020
134200
140023
140032
140203
140230
140302
140320
142003
142030
142300
143002
143020
143200
200134
200143
200314
200341
200413
200431
201034
201043
201304
201340
201403
201430
203014
203041
203104
203140
203401
203410
204013
204031
204103
204130
204301
204310
210034
210043
210304
210340
210403
210430
213004
213040
213400
214003
214030
214300
230014
230041
230104
230140
230401
230410
231004
231040
231400
234001
234010
234100
240013
240031
240103
240130
240301
240310
241003
241030
241300
243001
243010
243100
300124
300142
300214
300241
300412
300421
301024
301042
301204
301240
301402
301420
302014
302041
302104
302140
302401
302410
304012
304021
304102
304120
304201
304210
310024
310042
310204
310240
310402
310420
312004
312040
312400
314002
314020
314200
320014
320041
320104
320140
320401
320410
321004
321040
321400
324001
324010
324100
340012
340021
340102
340120
340201
340210
341002
341020
341200
342001
342010
342100
400123
400132
400213
400231
400312
400321
401023
401032
401203
401230
401302
401320
402013
402031
402103
402130
402301
402310
403012
403021
403102
403120
403201
403210
410023
410032
410203
410230
410302
410320
412003
412030
412300
413002
413020
413200
420013
420031
420103
420130
420301
420310
421003
421030
421300
423001
423010
423100
430012
430021
430102
430120
430201
430210
431002
431020
431200
432001
432010
432100
