1234560
1234506
1234650
1234605
1234056
1234065
1235460
1235406
1235640
1235604
1235046
1235064
1236450
1236405
1236540
1236504
1236045
1236054
1230456
1230465
1230546
1230564
1230645
1230654
1243560
1243506
1243650
1243605
1243056
1243065
1245360
1245306
1245630
1245603
1245036
1245063
1246350
1246305
1246530
1246503
1246035
1246053
1240356
1240365
1240536
1240563
1240635
1240653
1253460
1253406
1253640
1253604
1253046
1253064
1254360
1254306
1254630
1254603
1254036
1254063
1256340
1256304
1256430
1256403
1256034
1256043
1250346
1250364
1250436
1250463
1250634
1250643
1263450
1263405
1263540
1263504
1263045
1263054
1264350
1264305
1264530
1264503
1264035
1264053
1265340
1265304
1265430
1265403
1265034
1265043
1260345
1260354
1260435
1260453
1260534
1260543
1203456
1203465
1203546
1203564
1203645
1203654
1204356
1204365
1204536
1204563
1204635
1204653
1205346
1205364
1205436
1205463
1205634
1205643
1206345
1206354
1206435
1206453
1206534
1206543
1324560
1324506
1324650
1324605
1324056
1324065
1325460
1325406
1325640
1325604
1325046
1325064
1326450
1326405
1326540
1326504
1326045
1326054
1320456
1320465
1320546
1320564
1320645
1320654
1342560
1342506
1342650
1342605
1342056
1342065
1345260
1345206
1345620
1345602
1345026
1345062
1346250
1346205
1346520
1346502
1346025
1346052
1340256
1340265
1340526
1340562
1340625
1340652
1352460
1352406
1352640
1352604
1352046
1352064
1354260
1354206
1354620
1354602
1354026
1354062
1356240
1356204
1356420
1356402
1356024
1356042
1350246
1350264
1350426
1350462
1350624
1350642
1362450
1362405
1362540
1362504
1362045
1362054
1364250
1364205
1364520
1364502
1364025
1364052
1365240
1365204
1365420
1365402
1365024
1365042
1360245
1360254
1360425
1360452
1360524
1360542
1302456
1302465
1302546
1302564
1302645
1302654
1304256
1304265
1304526
1304562
1304625
1304652
1305246
1305264
1305426
1305462
1305624
1305642
1306245
1306254
1306425
1306452
1306524
1306542
1423560
1423506
1423650
1423605
1423056
1423065
1425360
1425306
1425630
1425603
1425036
1425063
1426350
1426305
1426530
1426503
1426035
1426053
1420356
1420365
1420536
1420563
1420635
1420653
1432560
1432506
1432650
1432605
1432056
1432065
1435260
1435206
1435620
1435602
1435026
1435062
1436250
1436205
1436520
1436502
1436025
1436052
1430256
1430265
1430526
1430562
1430625
1430652
1452360
1452306
1452630
1452603
1452036
1452063
1453260
1453206
1453620
1453602
1453026
1453062
1456230
1456203
1456320
1456302
1456023
1456032
1450236
1450263
1450326
1450362
1450623
1450632
1462350
1462305
1462530
1462503
1462035
1462053
1463250
1463205
1463520
1463502
1463025
1463052
1465230
1465203
1465320
1465302
1465023
1465032
1460235
1460253
1460325
1460352
1460523
1460532
1402356
1402365
1402536
1402563
1402635
1402653
1403256
1403265
1403526
1403562
1403625
1403652
1405236
1405263
1405326
1405362
1405623
1405632
1406235
1406253
1406325
1406352
1406523
1406532
1523460
1523406
1523640
1523604
1523046
1523064
1524360
1524306
1524630
1524603
1524036
1524063
1526340
1526304
1526430
1526403
1526034
1526043
1520346
1520364
1520436
1520463
1520634
1520643
1532460
1532406
1532640
1532604
1532046
1532064
1534260
1534206
1534620
1534602
1534026
1534062
1536240
1536204
1536420
1536402
1536024
1536042
1530246
1530264
1530426
1530462
1530624
1530642
1542360
1542306
1542630
1542603
1542036
1542063
1543260
1543206
1543620
1543602
1543026
1543062
1546230
1546203
1546320
1546302
1546023
1546032
1540236
1540263
1540326
1540362
1540623
1540632
1562340
1562304
1562430
1562403
1562034
1562043
1563240
1563204
1563420
1563402
1563024
1563042
1564230
1564203
1564320
1564302
1564023
1564032
1560234
1560243
1560324
1560342
1560423
1560432
1502346
1502364
1502436
1502463
1502634
1502643
1503246
1503264
1503426
1503462
1503624
1503642
1504236
1504263
1504326
1504362
1504623
1504632
1506234
1506243
1506324
1506342
1506423
1506432
1623450
1623405
1623540
1623504
1623045
1623054
1624350
1624305
1624530
1624503
1624035
1624053
1625340
1625304
1625430
1625403
1625034
1625043
1620345
1620354
1620435
1620453
1620534
1620543
1632450
1632405
1632540
1632504
1632045
1632054
1634250
1634205
1634520
1634502
1634025
1634052
1635240
1635204
1635420
1635402
1635024
1635042
1630245
1630254
1630425
1630452
1630524
1630542
1642350
1642305
1642530
1642503
1642035
1642053
1643250
1643205
1643520
1643502
1643025
1643052
1645230
1645203
1645320
1645302
1645023
1645032
1640235
1640253
1640325
1640352
1640523
1640532
1652340
1652304
1652430
1652403
1652034
1652043
1653240
1653204
1653420
1653402
1653024
1653042
1654230
1654203
1654320
1654302
1654023
1654032
1650234
1650243
1650324
1650342
1650423
1650432
1602345
1602354
1602435
1602453
1602534
1602543
1603245
1603254
1603425
1603452
1603524
1603542
1604235
1604253
1604325
1604352
1604523
1604532
1605234
1605243
1605324
1605342
1605423
1605432
1023456
1023465
1023546
1023564
1023645
1023654
1024356
1024365
1024536
1024563
1024635
1024653
1025346
1025364
1025436
1025463
1025634
1025643
1026345
1026354
1026435
1026453
1026534
1026543
1032456
1032465
1032546
1032564
1032645
1032654
1034256
1034265
1034526
1034562
1034625
1034652
1035246
1035264
1035426
1035462
1035624
1035642
1036245
1036254
1036425
1036452
1036524
1036542
1042356
1042365
1042536
1042563
1042635
1042653
1043256
1043265
1043526
1043562
1043625
1043652
1045236
1045263
1045326
1045362
1045623
1045632
1046235
1046253
1046325
1046352
1046523
1046532
1052346
1052364
1052436
1052463
1052634
1052643
1053246
1053264
1053426
1053462
1053624
1053642
1054236
1054263
1054326
1054362
1054623
1054632
1056234
1056243
1056324
1056342
1056423
1056432
1062345
1062354
1062435
1062453
1062534
1062543
1063245
1063254
1063425
1063452
1063524
1063542
1064235
1064253
1064325
1064352
1064523
1064532
1065234
1065243
1065324
1065342
1065423
1065432
2134560
2134506
2134650
2134605
2134056
2134065
2135460
2135406
2135640
2135604
2135046
2135064
2136450
2136405
2136540
2136504
2136045
2136054
2130456
2130465
2130546
2130564
2130645
2130654
2143560
2143506
2143650
2143605
2143056
2143065
2145360
2145306
2145630
2145603
2145036
2145063
2146350
2146305
2146530
2146503
2146035
2146053
2140356
2140365
2140536
2140563
2140635
2140653
2153460
2153406
2153640
2153604
2153046
2153064
2154360
2154306
2154630
2154603
2154036
2154063
2156340
2156304
2156430
2156403
2156034
2156043
2150346
2150364
2150436
2150463
2150634
2150643
2163450
2163405
2163540
2163504
2163045
2163054
2164350
2164305
2164530
2164503
2164035
2164053
2165340
2165304
2165430
2165403
2165034
2165043
2160345
2160354
2160435
2160453
2160534
2160543
2103456
2103465
2103546
2103564
2103645
2103654
2104356
2104365
2104536
2104563
2104635
2104653
2105346
2105364
2105436
2105463
2105634
2105643
2106345
2106354
2106435
2106453
2106534
2106543
2314560
2314506
2314650
2314605
2314056
2314065
2315460
2315406
2315640
2315604
2315046
2315064
2316450
2316405
2316540
2316504
2316045
2316054
2310456
2310465
2310546
2310564
2310645
2310654
2341560
2341506
2341650
2341605
2341056
2341065
2345160
2345106
2345610
2345601
2345016
2345061
2346150
2346105
2346510
2346501
2346015
2346051
2340156
2340165
2340516
2340561
2340615
2340651
2351460
2351406
2351640
2351604
2351046
2351064
2354160
2354106
2354610
2354601
2354016
2354061
2356140
2356104
2356410
2356401
2356014
2356041
2350146
2350164
2350416
2350461
2350614
2350641
2361450
2361405
2361540
2361504
2361045
2361054
2364150
2364105
2364510
2364501
2364015
2364051
2365140
2365104
2365410
2365401
2365014
2365041
2360145
2360154
2360415
2360451
2360514
2360541
2301456
2301465
2301546
2301564
2301645
2301654
2304156
2304165
2304516
2304561
2304615
2304651
2305146
2305164
2305416
2305461
2305614
2305641
2306145
2306154
2306415
2306451
2306514
2306541
2413560
2413506
2413650
2413605
2413056
2413065
2415360
2415306
2415630
2415603
2415036
2415063
2416350
2416305
2416530
2416503
2416035
2416053
2410356
2410365
2410536
2410563
2410635
2410653
2431560
2431506
2431650
2431605
2431056
2431065
2435160
2435106
2435610
2435601
2435016
2435061
2436150
2436105
2436510
2436501
2436015
2436051
2430156
2430165
2430516
2430561
2430615
2430651
2451360
2451306
2451630
2451603
2451036
2451063
2453160
2453106
2453610
2453601
2453016
2453061
2456130
2456103
2456310
2456301
2456013
2456031
2450136
2450163
2450316
2450361
2450613
2450631
2461350
2461305
2461530
2461503
2461035
2461053
2463150
2463105
2463510
2463501
2463015
2463051
2465130
2465103
2465310
2465301
2465013
2465031
2460135
2460153
2460315
2460351
2460513
2460531
2401356
2401365
2401536
2401563
2401635
2401653
2403156
2403165
2403516
2403561
2403615
2403651
2405136
2405163
2405316
2405361
2405613
2405631
2406135
2406153
2406315
2406351
2406513
2406531
2513460
2513406
2513640
2513604
2513046
2513064
2514360
2514306
2514630
2514603
2514036
2514063
2516340
2516304
2516430
2516403
2516034
2516043
2510346
2510364
2510436
2510463
2510634
2510643
2531460
2531406
2531640
2531604
2531046
2531064
2534160
2534106
2534610
2534601
2534016
2534061
2536140
2536104
2536410
2536401
2536014
2536041
2530146
2530164
2530416
2530461
2530614
2530641
2541360
2541306
2541630
2541603
2541036
2541063
2543160
2543106
2543610
2543601
2543016
2543061
2546130
2546103
2546310
2546301
2546013
2546031
2540136
2540163
2540316
2540361
2540613
2540631
2561340
2561304
2561430
2561403
2561034
2561043
2563140
2563104
2563410
2563401
2563014
2563041
2564130
2564103
2564310
2564301
2564013
2564031
2560134
2560143
2560314
2560341
2560413
2560431
2501346
2501364
2501436
2501463
2501634
2501643
2503146
2503164
2503416
2503461
2503614
2503641
2504136
2504163
2504316
2504361
2504613
2504631
2506134
2506143
2506314
2506341
2506413
2506431
2613450
2613405
2613540
2613504
2613045
2613054
2614350
2614305
2614530
2614503
2614035
2614053
2615340
2615304
2615430
2615403
2615034
2615043
2610345
2610354
2610435
2610453
2610534
2610543
2631450
2631405
2631540
2631504
2631045
2631054
2634150
2634105
2634510
2634501
2634015
2634051
2635140
2635104
2635410
2635401
2635014
2635041
2630145
2630154
2630415
2630451
2630514
2630541
2641350
2641305
2641530
2641503
2641035
2641053
2643150
2643105
2643510
2643501
2643015
2643051
2645130
2645103
2645310
2645301
2645013
2645031
2640135
2640153
2640315
2640351
2640513
2640531
2651340
2651304
2651430
2651403
2651034
2651043
2653140
2653104
2653410
2653401
2653014
2653041
2654130
2654103
2654310
2654301
2654013
2654031
2650134
2650143
2650314
2650341
2650413
2650431
2601345
2601354
2601435
2601453
2601534
2601543
2603145
2603154
2603415
2603451
2603514
2603541
2604135
2604153
2604315
2604351
2604513
2604531
2605134
2605143
2605314
2605341
2605413
2605431
2013456
2013465
2013546
2013564
2013645
2013654
2014356
2014365
2014536
2014563
2014635
2014653
2015346
2015364
2015436
2015463
2015634
2015643
2016345
2016354
2016435
2016453
2016534
2016543
2031456
2031465
2031546
2031564
2031645
2031654
2034156
2034165
2034516
2034561
2034615
2034651
2035146
2035164
2035416
2035461
2035614
2035641
2036145
2036154
2036415
2036451
2036514
2036541
2041356
2041365
2041536
2041563
2041635
2041653
2043156
2043165
2043516
2043561
2043615
2043651
2045136
2045163
2045316
2045361
2045613
2045631
2046135
2046153
2046315
2046351
2046513
2046531
2051346
2051364
2051436
2051463
2051634
2051643
2053146
2053164
2053416
2053461
2053614
2053641
2054136
2054163
2054316
2054361
2054613
2054631
2056134
2056143
2056314
2056341
2056413
2056431
2061345
2061354
2061435
2061453
2061534
2061543
2063145
2063154
2063415
2063451
2063514
2063541
2064135
2064153
2064315
2064351
2064513
2064531
2065134
2065143
2065314
2065341
2065413
2065431
3124560
3124506
3124650
3124605
3124056
3124065
3125460
3125406
3125640
3125604
3125046
3125064
3126450
3126405
3126540
3126504
3126045
3126054
3120456
3120465
3120546
3120564
3120645
3120654
3142560
3142506
3142650
3142605
3142056
3142065
3145260
3145206
3145620
3145602
3145026
3145062
3146250
3146205
3146520
3146502
3146025
3146052
3140256
3140265
3140526
3140562
3140625
3140652
3152460
3152406
3152640
3152604
3152046
3152064
3154260
3154206
3154620
3154602
3154026
3154062
3156240
3156204
3156420
3156402
3156024
3156042
3150246
3150264
3150426
3150462
3150624
3150642
3162450
3162405
3162540
3162504
3162045
3162054
3164250
3164205
3164520
3164502
3164025
3164052
3165240
3165204
3165420
3165402
3165024
3165042
3160245
3160254
3160425
3160452
3160524
3160542
3102456
3102465
3102546
3102564
3102645
3102654
3104256
3104265
3104526
3104562
3104625
3104652
3105246
3105264
3105426
3105462
3105624
3105642
3106245
3106254
3106425
3106452
3106524
3106542
3214560
3214506
3214650
3214605
3214056
3214065
3215460
3215406
3215640
3215604
3215046
3215064
3216450
3216405
3216540
3216504
3216045
3216054
3210456
3210465
3210546
3210564
3210645
3210654
3241560
3241506
3241650
3241605
3241056
3241065
3245160
3245106
3245610
3245601
3245016
3245061
3246150
3246105
3246510
3246501
3246015
3246051
3240156
3240165
3240516
3240561
3240615
3240651
3251460
3251406
3251640
3251604
3251046
3251064
3254160
3254106
3254610
3254601
3254016
3254061
3256140
3256104
3256410
3256401
3256014
3256041
3250146
3250164
3250416
3250461
3250614
3250641
3261450
3261405
3261540
3261504
3261045
3261054
3264150
3264105
3264510
3264501
3264015
3264051
3265140
3265104
3265410
3265401
3265014
3265041
3260145
3260154
3260415
3260451
3260514
3260541
3201456
3201465
3201546
3201564
3201645
3201654
3204156
3204165
3204516
3204561
3204615
3204651
3205146
3205164
3205416
3205461
3205614
3205641
3206145
3206154
3206415
3206451
3206514
3206541
3412560
3412506
3412650
3412605
3412056
3412065
3415260
3415206
3415620
3415602
3415026
3415062
3416250
3416205
3416520
3416502
3416025
3416052
3410256
3410265
3410526
3410562
3410625
3410652
3421560
3421506
3421650
3421605
3421056
3421065
3425160
3425106
3425610
3425601
3425016
3425061
3426150
3426105
3426510
3426501
3426015
3426051
3420156
3420165
3420516
3420561
3420615
3420651
3451260
3451206
3451620
3451602
3451026
3451062
3452160
3452106
3452610
3452601
3452016
3452061
3456120
3456102
3456210
3456201
3456012
3456021
3450126
3450162
3450216
3450261
3450612
3450621
3461250
3461205
3461520
3461502
3461025
3461052
3462150
3462105
3462510
3462501
3462015
3462051
3465120
3465102
3465210
3465201
3465012
3465021
3460125
3460152
3460215
3460251
3460512
3460521
3401256
3401265
3401526
3401562
3401625
3401652
3402156
3402165
3402516
3402561
3402615
3402651
3405126
3405162
3405216
3405261
3405612
3405621
3406125
3406152
3406215
3406251
3406512
3406521
3512460
3512406
3512640
3512604
3512046
3512064
3514260
3514206
3514620
3514602
3514026
3514062
3516240
3516204
3516420
3516402
3516024
3516042
3510246
3510264
3510426
3510462
3510624
3510642
3521460
3521406
3521640
3521604
3521046
3521064
3524160
3524106
3524610
3524601
3524016
3524061
3526140
3526104
3526410
3526401
3526014
3526041
3520146
3520164
3520416
3520461
3520614
3520641
3541260
3541206
3541620
3541602
3541026
3541062
3542160
3542106
3542610
3542601
3542016
3542061
3546120
3546102
3546210
3546201
3546012
3546021
3540126
3540162
3540216
3540261
3540612
3540621
3561240
3561204
3561420
3561402
3561024
3561042
3562140
3562104
3562410
3562401
3562014
3562041
3564120
3564102
3564210
3564201
3564012
3564021
3560124
3560142
3560214
3560241
3560412
3560421
3501246
3501264
3501426
3501462
3501624
3501642
3502146
3502164
3502416
3502461
3502614
3502641
3504126
3504162
3504216
3504261
3504612
3504621
3506124
3506142
3506214
3506241
3506412
3506421
3612450
3612405
3612540
3612504
3612045
3612054
3614250
3614205
3614520
3614502
3614025
3614052
3615240
3615204
3615420
3615402
3615024
3615042
3610245
3610254
3610425
3610452
3610524
3610542
3621450
3621405
3621540
3621504
3621045
3621054
3624150
3624105
3624510
3624501
3624015
3624051
3625140
3625104
3625410
3625401
3625014
3625041
3620145
3620154
3620415
3620451
3620514
3620541
3641250
3641205
3641520
3641502
3641025
3641052
3642150
3642105
3642510
3642501
3642015
3642051
3645120
3645102
3645210
3645201
3645012
3645021
3640125
3640152
3640215
3640251
3640512
3640521
3651240
3651204
3651420
3651402
3651024
3651042
3652140
3652104
3652410
3652401
3652014
3652041
3654120
3654102
3654210
3654201
3654012
3654021
3650124
3650142
3650214
3650241
3650412
3650421
3601245
3601254
3601425
3601452
3601524
3601542
3602145
3602154
3602415
3602451
3602514
3602541
3604125
3604152
3604215
3604251
3604512
3604521
3605124
3605142
3605214
3605241
3605412
3605421
3012456
3012465
3012546
3012564
3012645
3012654
3014256
3014265
3014526
3014562
3014625
3014652
3015246
3015264
3015426
3015462
3015624
3015642
3016245
3016254
3016425
3016452
3016524
3016542
3021456
3021465
3021546
3021564
3021645
3021654
3024156
3024165
3024516
3024561
3024615
3024651
3025146
3025164
3025416
3025461
3025614
3025641
3026145
3026154
3026415
3026451
3026514
3026541
3041256
3041265
3041526
3041562
3041625
3041652
3042156
3042165
3042516
3042561
3042615
3042651
3045126
3045162
3045216
3045261
3045612
3045621
3046125
3046152
3046215
3046251
3046512
3046521
3051246
3051264
3051426
3051462
3051624
3051642
3052146
3052164
3052416
3052461
3052614
3052641
3054126
3054162
3054216
3054261
3054612
3054621
3056124
3056142
3056214
3056241
3056412
3056421
3061245
3061254
3061425
3061452
3061524
3061542
3062145
3062154
3062415
3062451
3062514
3062541
3064125
3064152
3064215
3064251
3064512
3064521
3065124
3065142
3065214
3065241
3065412
3065421
4123560
4123506
4123650
4123605
4123056
4123065
4125360
4125306
4125630
4125603
4125036
4125063
4126350
4126305
4126530
4126503
4126035
4126053
4120356
4120365
4120536
4120563
4120635
4120653
4132560
4132506
4132650
4132605
4132056
4132065
4135260
4135206
4135620
4135602
4135026
4135062
4136250
4136205
4136520
4136502
4136025
4136052
4130256
4130265
4130526
4130562
4130625
4130652
4152360
4152306
4152630
4152603
4152036
4152063
4153260
4153206
4153620
4153602
4153026
4153062
4156230
4156203
4156320
4156302
4156023
4156032
4150236
4150263
4150326
4150362
4150623
4150632
4162350
4162305
4162530
4162503
4162035
4162053
4163250
4163205
4163520
4163502
4163025
4163052
4165230
4165203
4165320
4165302
4165023
4165032
4160235
4160253
4160325
4160352
4160523
4160532
4102356
4102365
4102536
4102563
4102635
4102653
4103256
4103265
4103526
4103562
4103625
4103652
4105236
4105263
4105326
4105362
4105623
4105632
4106235
4106253
4106325
4106352
4106523
4106532
4213560
4213506
4213650
4213605
4213056
4213065
4215360
4215306
4215630
4215603
4215036
4215063
4216350
4216305
4216530
4216503
4216035
4216053
4210356
4210365
4210536
4210563
4210635
4210653
4231560
4231506
4231650
4231605
4231056
4231065
4235160
4235106
4235610
4235601
4235016
4235061
4236150
4236105
4236510
4236501
4236015
4236051
4230156
4230165
4230516
4230561
4230615
4230651
4251360
4251306
4251630
4251603
4251036
4251063
4253160
4253106
4253610
4253601
4253016
4253061
4256130
4256103
4256310
4256301
4256013
4256031
4250136
4250163
4250316
4250361
4250613
4250631
4261350
4261305
4261530
4261503
4261035
4261053
4263150
4263105
4263510
4263501
4263015
4263051
4265130
4265103
4265310
4265301
4265013
4265031
4260135
4260153
4260315
4260351
4260513
4260531
4201356
4201365
4201536
4201563
4201635
4201653
4203156
4203165
4203516
4203561
4203615
4203651
4205136
4205163
4205316
4205361
4205613
4205631
4206135
4206153
4206315
4206351
4206513
4206531
4312560
4312506
4312650
4312605
4312056
4312065
4315260
4315206
4315620
4315602
4315026
4315062
4316250
4316205
4316520
4316502
4316025
4316052
4310256
4310265
4310526
4310562
4310625
4310652
4321560
4321506
4321650
4321605
4321056
4321065
4325160
4325106
4325610
4325601
4325016
4325061
4326150
4326105
4326510
4326501
4326015
4326051
4320156
4320165
4320516
4320561
4320615
4320651
4351260
4351206
4351620
4351602
4351026
4351062
4352160
4352106
4352610
4352601
4352016
4352061
4356120
4356102
4356210
4356201
4356012
4356021
4350126
4350162
4350216
4350261
4350612
4350621
4361250
4361205
4361520
4361502
4361025
4361052
4362150
4362105
4362510
4362501
4362015
4362051
4365120
4365102
4365210
4365201
4365012
4365021
4360125
4360152
4360215
4360251
4360512
4360521
4301256
4301265
4301526
4301562
4301625
4301652
4302156
4302165
4302516
4302561
4302615
4302651
4305126
4305162
4305216
4305261
4305612
4305621
4306125
4306152
4306215
4306251
4306512
4306521
4512360
4512306
4512630
4512603
4512036
4512063
4513260
4513206
4513620
4513602
4513026
4513062
4516230
4516203
4516320
4516302
4516023
4516032
4510236
4510263
4510326
4510362
4510623
4510632
4521360
4521306
4521630
4521603
4521036
4521063
4523160
4523106
4523610
4523601
4523016
4523061
4526130
4526103
4526310
4526301
4526013
4526031
4520136
4520163
4520316
4520361
4520613
4520631
4531260
4531206
4531620
4531602
4531026
4531062
4532160
4532106
4532610
4532601
4532016
4532061
4536120
4536102
4536210
4536201
4536012
4536021
4530126
4530162
4530216
4530261
4530612
4530621
4561230
4561203
4561320
4561302
4561023
4561032
4562130
4562103
4562310
4562301
4562013
4562031
4563120
4563102
4563210
4563201
4563012
4563021
4560123
4560132
4560213
4560231
4560312
4560321
4501236
4501263
4501326
4501362
4501623
4501632
4502136
4502163
4502316
4502361
4502613
4502631
4503126
4503162
4503216
4503261
4503612
4503621
4506123
4506132
4506213
4506231
4506312
4506321
4612350
4612305
4612530
4612503
4612035
4612053
4613250
4613205
4613520
4613502
4613025
4613052
4615230
4615203
4615320
4615302
4615023
4615032
4610235
4610253
4610325
4610352
4610523
4610532
4621350
4621305
4621530
4621503
4621035
4621053
4623150
4623105
4623510
4623501
4623015
4623051
4625130
4625103
4625310
4625301
4625013
4625031
4620135
4620153
4620315
4620351
4620513
4620531
4631250
4631205
4631520
4631502
4631025
4631052
4632150
4632105
4632510
4632501
4632015
4632051
4635120
4635102
4635210
4635201
4635012
4635021
4630125
4630152
4630215
4630251
4630512
4630521
4651230
4651203
4651320
4651302
4651023
4651032
4652130
4652103
4652310
4652301
4652013
4652031
4653120
4653102
4653210
4653201
4653012
4653021
4650123
4650132
4650213
4650231
4650312
4650321
4601235
4601253
4601325
4601352
4601523
4601532
4602135
4602153
4602315
4602351
4602513
4602531
4603125
4603152
4603215
4603251
4603512
4603521
4605123
4605132
4605213
4605231
4605312
4605321
4012356
4012365
4012536
4012563
4012635
4012653
4013256
4013265
4013526
4013562
4013625
4013652
4015236
4015263
4015326
4015362
4015623
4015632
4016235
4016253
4016325
4016352
4016523
4016532
4021356
4021365
4021536
4021563
4021635
4021653
4023156
4023165
4023516
4023561
4023615
4023651
4025136
4025163
4025316
4025361
4025613
4025631
4026135
4026153
4026315
4026351
4026513
4026531
4031256
4031265
4031526
4031562
4031625
4031652
4032156
4032165
4032516
4032561
4032615
4032651
4035126
4035162
4035216
4035261
4035612
4035621
4036125
4036152
4036215
4036251
4036512
4036521
4051236
4051263
4051326
4051362
4051623
4051632
4052136
4052163
4052316
4052361
4052613
4052631
4053126
4053162
4053216
4053261
4053612
4053621
4056123
4056132
4056213
4056231
4056312
4056321
4061235
4061253
4061325
4061352
4061523
4061532
4062135
4062153
4062315
4062351
4062513
4062531
4063125
4063152
4063215
4063251
4063512
4063521
4065123
4065132
4065213
4065231
4065312
4065321
5123460
5123406
5123640
5123604
5123046
5123064
5124360
5124306
5124630
5124603
5124036
5124063
5126340
5126304
5126430
5126403
5126034
5126043
5120346
5120364
5120436
5120463
5120634
5120643
5132460
5132406
5132640
5132604
5132046
5132064
5134260
5134206
5134620
5134602
5134026
5134062
5136240
5136204
5136420
5136402
5136024
5136042
5130246
5130264
5130426
5130462
5130624
5130642
5142360
5142306
5142630
5142603
5142036
5142063
5143260
5143206
5143620
5143602
5143026
5143062
5146230
5146203
5146320
5146302
5146023
5146032
5140236
5140263
5140326
5140362
5140623
5140632
5162340
5162304
5162430
5162403
5162034
5162043
5163240
5163204
5163420
5163402
5163024
5163042
5164230
5164203
5164320
5164302
5164023
5164032
5160234
5160243
5160324
5160342
5160423
5160432
5102346
5102364
5102436
5102463
5102634
5102643
5103246
5103264
5103426
5103462
5103624
5103642
5104236
5104263
5104326
5104362
5104623
5104632
5106234
5106243
5106324
5106342
5106423
5106432
5213460
5213406
5213640
5213604
5213046
5213064
5214360
5214306
5214630
5214603
5214036
5214063
5216340
5216304
5216430
5216403
5216034
5216043
5210346
5210364
5210436
5210463
5210634
5210643
5231460
5231406
5231640
5231604
5231046
5231064
5234160
5234106
5234610
5234601
5234016
5234061
5236140
5236104
5236410
5236401
5236014
5236041
5230146
5230164
5230416
5230461
5230614
5230641
5241360
5241306
5241630
5241603
5241036
5241063
5243160
5243106
5243610
5243601
5243016
5243061
5246130
5246103
5246310
5246301
5246013
5246031
5240136
5240163
5240316
5240361
5240613
5240631
5261340
5261304
5261430
5261403
5261034
5261043
5263140
5263104
5263410
5263401
5263014
5263041
5264130
5264103
5264310
5264301
5264013
5264031
5260134
5260143
5260314
5260341
5260413
5260431
5201346
5201364
5201436
5201463
5201634
5201643
5203146
5203164
5203416
5203461
5203614
5203641
5204136
5204163
5204316
5204361
5204613
5204631
5206134
5206143
5206314
5206341
5206413
5206431
5312460
5312406
5312640
5312604
5312046
5312064
5314260
5314206
5314620
5314602
5314026
5314062
5316240
5316204
5316420
5316402
5316024
5316042
5310246
5310264
5310426
5310462
5310624
5310642
5321460
5321406
5321640
5321604
5321046
5321064
5324160
5324106
5324610
5324601
5324016
5324061
5326140
5326104
5326410
5326401
5326014
5326041
5320146
5320164
5320416
5320461
5320614
5320641
5341260
5341206
5341620
5341602
5341026
5341062
5342160
5342106
5342610
5342601
5342016
5342061
5346120
5346102
5346210
5346201
5346012
5346021
5340126
5340162
5340216
5340261
5340612
5340621
5361240
5361204
5361420
5361402
5361024
5361042
5362140
5362104
5362410
5362401
5362014
5362041
5364120
5364102
5364210
5364201
5364012
5364021
5360124
5360142
5360214
5360241
5360412
5360421
5301246
5301264
5301426
5301462
5301624
5301642
5302146
5302164
5302416
5302461
5302614
5302641
5304126
5304162
5304216
5304261
5304612
5304621
5306124
5306142
5306214
5306241
5306412
5306421
5412360
5412306
5412630
5412603
5412036
5412063
5413260
5413206
5413620
5413602
5413026
5413062
5416230
5416203
5416320
5416302
5416023
5416032
5410236
5410263
5410326
5410362
5410623
5410632
5421360
5421306
5421630
5421603
5421036
5421063
5423160
5423106
5423610
5423601
5423016
5423061
5426130
5426103
5426310
5426301
5426013
5426031
5420136
5420163
5420316
5420361
5420613
5420631
5431260
5431206
5431620
5431602
5431026
5431062
5432160
5432106
5432610
5432601
5432016
5432061
5436120
5436102
5436210
5436201
5436012
5436021
5430126
5430162
5430216
5430261
5430612
5430621
5461230
5461203
5461320
5461302
5461023
5461032
5462130
5462103
5462310
5462301
5462013
5462031
5463120
5463102
5463210
5463201
5463012
5463021
5460123
5460132
5460213
5460231
5460312
5460321
5401236
5401263
5401326
5401362
5401623
5401632
5402136
5402163
5402316
5402361
5402613
5402631
5403126
5403162
5403216
5403261
5403612
5403621
5406123
5406132
5406213
5406231
5406312
5406321
5612340
5612304
5612430
5612403
5612034
5612043
5613240
5613204
5613420
5613402
5613024
5613042
5614230
5614203
5614320
5614302
5614023
5614032
5610234
5610243
5610324
5610342
5610423
5610432
5621340
5621304
5621430
5621403
5621034
5621043
5623140
5623104
5623410
5623401
5623014
5623041
5624130
5624103
5624310
5624301
5624013
5624031
5620134
5620143
5620314
5620341
5620413
5620431
5631240
5631204
5631420
5631402
5631024
5631042
5632140
5632104
5632410
5632401
5632014
5632041
5634120
5634102
5634210
5634201
5634012
5634021
5630124
5630142
5630214
5630241
5630412
5630421
5641230
5641203
5641320
5641302
5641023
5641032
5642130
5642103
5642310
5642301
5642013
5642031
5643120
5643102
5643210
5643201
5643012
5643021
5640123
5640132
5640213
5640231
5640312
5640321
5601234
5601243
5601324
5601342
5601423
5601432
5602134
5602143
5602314
5602341
5602413
5602431
5603124
5603142
5603214
5603241
5603412
5603421
5604123
5604132
5604213
5604231
5604312
5604321
5012346
5012364
5012436
5012463
5012634
5012643
5013246
5013264
5013426
5013462
5013624
5013642
5014236
5014263
5014326
5014362
5014623
5014632
5016234
5016243
5016324
5016342
5016423
5016432
5021346
5021364
5021436
5021463
5021634
5021643
5023146
5023164
5023416
5023461
5023614
5023641
5024136
5024163
5024316
5024361
5024613
5024631
5026134
5026143
5026314
5026341
5026413
5026431
5031246
5031264
5031426
5031462
5031624
5031642
5032146
5032164
5032416
5032461
5032614
5032641
5034126
5034162
5034216
5034261
5034612
5034621
5036124
5036142
5036214
5036241
5036412
5036421
5041236
5041263
5041326
5041362
5041623
5041632
5042136
5042163
5042316
5042361
5042613
5042631
5043126
5043162
5043216
5043261
5043612
5043621
5046123
5046132
5046213
5046231
5046312
5046321
5061234
5061243
5061324
5061342
5061423
5061432
5062134
5062143
5062314
5062341
5062413
5062431
5063124
5063142
5063214
5063241
5063412
5063421
5064123
5064132
5064213
5064231
5064312
5064321
6123450
6123405
6123540
6123504
6123045
6123054
6124350
6124305
6124530
6124503
6124035
6124053
6125340
6125304
6125430
6125403
6125034
6125043
6120345
6120354
6120435
6120453
6120534
6120543
6132450
6132405
6132540
6132504
6132045
6132054
6134250
6134205
6134520
6134502
6134025
6134052
6135240
6135204
6135420
6135402
6135024
6135042
6130245
6130254
6130425
6130452
6130524
6130542
6142350
6142305
6142530
6142503
6142035
6142053
6143250
6143205
6143520
6143502
6143025
6143052
6145230
6145203
6145320
6145302
6145023
6145032
6140235
6140253
6140325
6140352
6140523
6140532
6152340
6152304
6152430
6152403
6152034
6152043
6153240
6153204
6153420
6153402
6153024
6153042
6154230
6154203
6154320
6154302
6154023
6154032
6150234
6150243
6150324
6150342
6150423
6150432
6102345
6102354
6102435
6102453
6102534
6102543
6103245
6103254
6103425
6103452
6103524
6103542
6104235
6104253
6104325
6104352
6104523
6104532
6105234
6105243
6105324
6105342
6105423
6105432
6213450
6213405
6213540
6213504
6213045
6213054
6214350
6214305
6214530
6214503
6214035
6214053
6215340
6215304
6215430
6215403
6215034
6215043
6210345
6210354
6210435
6210453
6210534
6210543
6231450
6231405
6231540
6231504
6231045
6231054
6234150
6234105
6234510
6234501
6234015
6234051
6235140
6235104
6235410
6235401
6235014
6235041
6230145
6230154
6230415
6230451
6230514
6230541
6241350
6241305
6241530
6241503
6241035
6241053
6243150
6243105
6243510
6243501
6243015
6243051
6245130
6245103
6245310
6245301
6245013
6245031
6240135
6240153
6240315
6240351
6240513
6240531
6251340
6251304
6251430
6251403
6251034
6251043
6253140
6253104
6253410
6253401
6253014
6253041
6254130
6254103
6254310
6254301
6254013
6254031
6250134
6250143
6250314
6250341
6250413
6250431
6201345
6201354
6201435
6201453
6201534
6201543
6203145
6203154
6203415
6203451
6203514
6203541
6204135
6204153
6204315
6204351
6204513
6204531
6205134
6205143
6205314
6205341
6205413
6205431
6312450
6312405
6312540
6312504
6312045
6312054
6314250
6314205
6314520
6314502
6314025
6314052
6315240
6315204
6315420
6315402
6315024
6315042
6310245
6310254
6310425
6310452
6310524
6310542
6321450
6321405
6321540
6321504
6321045
6321054
6324150
6324105
6324510
6324501
6324015
6324051
6325140
6325104
6325410
6325401
6325014
6325041
6320145
6320154
6320415
6320451
6320514
6320541
6341250
6341205
6341520
6341502
6341025
6341052
6342150
6342105
6342510
6342501
6342015
6342051
6345120
6345102
6345210
6345201
6345012
6345021
6340125
6340152
6340215
6340251
6340512
6340521
6351240
6351204
6351420
6351402
6351024
6351042
6352140
6352104
6352410
6352401
6352014
6352041
6354120
6354102
6354210
6354201
6354012
6354021
6350124
6350142
6350214
6350241
6350412
6350421
6301245
6301254
6301425
6301452
6301524
6301542
6302145
6302154
6302415
6302451
6302514
6302541
6304125
6304152
6304215
6304251
6304512
6304521
6305124
6305142
6305214
6305241
6305412
6305421
6412350
6412305
6412530
6412503
6412035
6412053
6413250
6413205
6413520
6413502
6413025
6413052
6415230
6415203
6415320
6415302
6415023
6415032
6410235
6410253
6410325
6410352
6410523
6410532
6421350
6421305
6421530
6421503
6421035
6421053
6423150
6423105
6423510
6423501
6423015
6423051
6425130
6425103
6425310
6425301
6425013
6425031
6420135
6420153
6420315
6420351
6420513
6420531
6431250
6431205
6431520
6431502
6431025
6431052
6432150
6432105
6432510
6432501
6432015
6432051
6435120
6435102
6435210
6435201
6435012
6435021
6430125
6430152
6430215
6430251
6430512
6430521
6451230
6451203
6451320
6451302
6451023
6451032
6452130
6452103
6452310
6452301
6452013
6452031
6453120
6453102
6453210
6453201
6453012
6453021
6450123
6450132
6450213
6450231
6450312
6450321
6401235
6401253
6401325
6401352
6401523
6401532
6402135
6402153
6402315
6402351
6402513
6402531
6403125
6403152
6403215
6403251
6403512
6403521
6405123
6405132
6405213
6405231
6405312
6405321
6512340
6512304
6512430
6512403
6512034
6512043
6513240
6513204
6513420
6513402
6513024
6513042
6514230
6514203
6514320
6514302
6514023
6514032
6510234
6510243
6510324
6510342
6510423
6510432
6521340
6521304
6521430
6521403
6521034
6521043
6523140
6523104
6523410
6523401
6523014
6523041
6524130
6524103
6524310
6524301
6524013
6524031
6520134
6520143
6520314
6520341
6520413
6520431
6531240
6531204
6531420
6531402
6531024
6531042
6532140
6532104
6532410
6532401
6532014
6532041
6534120
6534102
6534210
6534201
6534012
6534021
6530124
6530142
6530214
6530241
6530412
6530421
6541230
6541203
6541320
6541302
6541023
6541032
6542130
6542103
6542310
6542301
6542013
6542031
6543120
6543102
6543210
6543201
6543012
6543021
6540123
6540132
6540213
6540231
6540312
6540321
6501234
6501243
6501324
6501342
6501423
6501432
6502134
6502143
6502314
6502341
6502413
6502431
6503124
6503142
6503214
6503241
6503412
6503421
6504123
6504132
6504213
6504231
6504312
6504321
6012345
6012354
6012435
6012453
6012534
6012543
6013245
6013254
6013425
6013452
6013524
6013542
6014235
6014253
6014325
6014352
6014523
6014532
6015234
6015243
6015324
6015342
6015423
6015432
6021345
6021354
6021435
6021453
6021534
6021543
6023145
6023154
6023415
6023451
6023514
6023541
6024135
6024153
6024315
6024351
6024513
6024531
6025134
6025143
6025314
6025341
6025413
6025431
6031245
6031254
6031425
6031452
6031524
6031542
6032145
6032154
6032415
6032451
6032514
6032541
6034125
6034152
6034215
6034251
6034512
6034521
6035124
6035142
6035214
6035241
6035412
6035421
6041235
6041253
6041325
6041352
6041523
6041532
6042135
6042153
6042315
6042351
6042513
6042531
6043125
6043152
6043215
6043251
6043512
6043521
6045123
6045132
6045213
6045231
6045312
6045321
6051234
6051243
6051324
6051342
6051423
6051432
6052134
6052143
6052314
6052341
6052413
6052431
6053124
6053142
6053214
6053241
6053412
6053421
6054123
6054132
6054213
6054231
6054312
6054321
0123456
0123465
0123546
0123564
0123645
0123654
0124356
0124365
0124536
0124563
0124635
0124653
0125346
0125364
0125436
0125463
0125634
0125643
0126345
0126354
0126435
0126453
0126534
0126543
0132456
0132465
0132546
0132564
0132645
0132654
0134256
0134265
0134526
0134562
0134625
0134652
0135246
0135264
0135426
0135462
0135624
0135642
0136245
0136254
0136425
0136452
0136524
0136542
0142356
0142365
0142536
0142563
0142635
0142653
0143256
0143265
0143526
0143562
0143625
0143652
0145236
0145263
0145326
0145362
0145623
0145632
0146235
0146253
0146325
0146352
0146523
0146532
0152346
0152364
0152436
0152463
0152634
0152643
0153246
0153264
0153426
0153462
0153624
0153642
0154236
0154263
0154326
0154362
0154623
0154632
0156234
0156243
0156324
0156342
0156423
0156432
0162345
0162354
0162435
0162453
0162534
0162543
0163245
0163254
0163425
0163452
0163524
0163542
0164235
0164253
0164325
0164352
0164523
0164532
0165234
0165243
0165324
0165342
0165423
0165432
0213456
0213465
0213546
0213564
0213645
0213654
0214356
0214365
0214536
0214563
0214635
0214653
0215346
0215364
0215436
0215463
0215634
0215643
0216345
0216354
0216435
0216453
0216534
0216543
0231456
0231465
0231546
0231564
0231645
0231654
0234156
0234165
0234516
0234561
0234615
0234651
0235146
0235164
0235416
0235461
0235614
0235641
0236145
0236154
0236415
0236451
0236514
0236541
0241356
0241365
0241536
0241563
0241635
0241653
0243156
0243165
0243516
0243561
0243615
0243651
0245136
0245163
0245316
0245361
0245613
0245631
0246135
0246153
0246315
0246351
0246513
0246531
0251346
0251364
0251436
0251463
0251634
0251643
0253146
0253164
0253416
0253461
0253614
0253641
0254136
0254163
0254316
0254361
0254613
0254631
0256134
0256143
0256314
0256341
0256413
0256431
0261345
0261354
0261435
0261453
0261534
0261543
0263145
0263154
0263415
0263451
0263514
0263541
0264135
0264153
0264315
0264351
0264513
0264531
0265134
0265143
0265314
0265341
0265413
0265431
0312456
0312465
0312546
0312564
0312645
0312654
0314256
0314265
0314526
0314562
0314625
0314652
0315246
0315264
0315426
0315462
0315624
0315642
0316245
0316254
0316425
0316452
0316524
0316542
0321456
0321465
0321546
0321564
0321645
0321654
0324156
0324165
0324516
0324561
0324615
0324651
0325146
0325164
0325416
0325461
0325614
0325641
0326145
0326154
0326415
0326451
0326514
0326541
0341256
0341265
0341526
0341562
0341625
0341652
0342156
0342165
0342516
0342561
0342615
0342651
0345126
0345162
0345216
0345261
0345612
0345621
0346125
0346152
0346215
0346251
0346512
0346521
0351246
0351264
0351426
0351462
0351624
0351642
0352146
0352164
0352416
0352461
0352614
0352641
0354126
0354162
0354216
0354261
0354612
0354621
0356124
0356142
0356214
0356241
0356412
0356421
0361245
0361254
0361425
0361452
0361524
0361542
0362145
0362154
0362415
0362451
0362514
0362541
0364125
0364152
0364215
0364251
0364512
0364521
0365124
0365142
0365214
0365241
0365412
0365421
0412356
0412365
0412536
0412563
0412635
0412653
0413256
0413265
0413526
0413562
0413625
0413652
0415236
0415263
0415326
0415362
0415623
0415632
0416235
0416253
0416325
0416352
0416523
0416532
0421356
0421365
0421536
0421563
0421635
0421653
0423156
0423165
0423516
0423561
0423615
0423651
0425136
0425163
0425316
0425361
0425613
0425631
0426135
0426153
0426315
0426351
0426513
0426531
0431256
0431265
0431526
0431562
0431625
0431652
0432156
0432165
0432516
0432561
0432615
0432651
0435126
0435162
0435216
0435261
0435612
0435621
0436125
0436152
0436215
0436251
0436512
0436521
0451236
0451263
0451326
0451362
0451623
0451632
0452136
0452163
0452316
0452361
0452613
0452631
0453126
0453162
0453216
0453261
0453612
0453621
0456123
0456132
0456213
0456231
0456312
0456321
0461235
0461253
0461325
0461352
0461523
0461532
0462135
0462153
0462315
0462351
0462513
0462531
0463125
0463152
0463215
0463251
0463512
0463521
0465123
0465132
0465213
0465231
0465312
0465321
0512346
0512364
0512436
0512463
0512634
0512643
0513246
0513264
0513426
0513462
0513624
0513642
0514236
0514263
0514326
0514362
0514623
0514632
0516234
0516243
0516324
0516342
0516423
0516432
0521346
0521364
0521436
0521463
0521634
0521643
0523146
0523164
0523416
0523461
0523614
0523641
0524136
0524163
0524316
0524361
0524613
0524631
0526134
0526143
0526314
0526341
0526413
0526431
0531246
0531264
0531426
0531462
0531624
0531642
0532146
0532164
0532416
0532461
0532614
0532641
0534126
0534162
0534216
0534261
0534612
0534621
0536124
0536142
0536214
0536241
0536412
0536421
0541236
0541263
0541326
0541362
0541623
0541632
0542136
0542163
0542316
0542361
0542613
0542631
0543126
0543162
0543216
0543261
0543612
0543621
0546123
0546132
0546213
0546231
0546312
0546321
0561234
0561243
0561324
0561342
0561423
0561432
0562134
0562143
0562314
0562341
0562413
0562431
0563124
0563142
0563214
0563241
0563412
0563421
0564123
0564132
0564213
0564231
0564312
0564321
0612345
0612354
0612435
0612453
0612534
0612543
0613245
0613254
0613425
0613452
0613524
0613542
0614235
0614253
0614325
0614352
0614523
0614532
0615234
0615243
0615324
0615342
0615423
0615432
0621345
0621354
0621435
0621453
0621534
0621543
0623145
0623154
0623415
0623451
0623514
0623541
0624135
0624153
0624315
0624351
0624513
0624531
0625134
0625143
0625314
0625341
0625413
0625431
0631245
0631254
0631425
0631452
0631524
0631542
0632145
0632154
0632415
0632451
0632514
0632541
0634125
0634152
0634215
0634251
0634512
0634521
0635124
0635142
0635214
0635241
0635412
0635421
0641235
0641253
0641325
0641352
0641523
0641532
0642135
0642153
0642315
0642351
0642513
0642531
0643125
0643152
0643215
0643251
0643512
0643521
0645123
0645132
0645213
0645231
0645312
0645321
0651234
0651243
0651324
0651342
0651423
0651432
0652134
0652143
0652314
0652341
0652413
0652431
0653124
0653142
0653214
0653241
0653412
0653421
0654123
0654132
0654213
0654231
0654312
0654321
