1230000
1230000
1230000
1230000
1230000
1230000
1230000
1230000
1230000
1230000
1230000
1230000
1230000
1230000
1230000
1230000
1230000
1230000
1230000
1230000
1230000
1230000
1230000
1230000
1203000
1203000
1203000
1203000
1203000
1203000
1200300
1200300
1200030
1200003
1200030
1200003
1200300
1200300
1200030
1200003
1200030
1200003
1200300
1200300
1200030
1200003
1200030
1200003
1203000
1203000
1203000
1203000
1203000
1203000
1200300
1200300
1200030
1200003
1200030
1200003
1200300
1200300
1200030
1200003
1200030
1200003
1200300
1200300
1200030
1200003
1200030
1200003
1203000
1203000
1203000
1203000
1203000
1203000
1200300
1200300
1200030
1200003
1200030
1200003
1200300
1200300
1200030
1200003
1200030
1200003
1200300
1200300
1200030
1200003
1200030
1200003
1203000
1203000
1203000
1203000
1203000
1203000
1200300
1200300
1200030
1200003
1200030
1200003
1200300
1200300
1200030
1200003
1200030
1200003
1200300
1200300
1200030
1200003
1200030
1200003
1320000
1320000
1320000
1320000
1320000
1320000
1320000
1320000
1320000
1320000
1320000
1320000
1320000
1320000
1320000
1320000
1320000
1320000
1320000
1320000
1320000
1320000
1320000
1320000
1302000
1302000
1302000
1302000
1302000
1302000
1300200
1300200
1300020
1300002
1300020
1300002
1300200
1300200
1300020
1300002
1300020
1300002
1300200
1300200
1300020
1300002
1300020
1300002
1302000
1302000
1302000
1302000
1302000
1302000
1300200
1300200
1300020
1300002
1300020
1300002
1300200
1300200
1300020
1300002
1300020
1300002
1300200
1300200
1300020
1300002
1300020
1300002
1302000
1302000
1302000
1302000
1302000
1302000
1300200
1300200
1300020
1300002
1300020
1300002
1300200
1300200
1300020
1300002
1300020
1300002
1300200
1300200
1300020
1300002
1300020
1300002
1302000
1302000
1302000
1302000
1302000
1302000
1300200
1300200
1300020
1300002
1300020
1300002
1300200
1300200
1300020
1300002
1300020
1300002
1300200
1300200
1300020
1300002
1300020
1300002
1023000
1023000
1023000
1023000
1023000
1023000
1020300
1020300
1020030
1020003
1020030
1020003
1020300
1020300
1020030
1020003
1020030
1020003
1020300
1020300
1020030
1020003
1020030
1020003
1032000
1032000
1032000
1032000
1032000
1032000
1030200
1030200
1030020
1030002
1030020
1030002
1030200
1030200
1030020
1030002
1030020
1030002
1030200
1030200
1030020
1030002
1030020
1030002
1002300
1002300
1002030
1002003
1002030
1002003
1003200
1003200
1003020
1003002
1003020
1003002
1000230
1000203
1000320
1000302
1000023
1000032
1000230
1000203
1000320
1000302
1000023
1000032
1002300
1002300
1002030
1002003
1002030
1002003
1003200
1003200
1003020
1003002
1003020
1003002
1000230
1000203
1000320
1000302
1000023
1000032
1000230
1000203
1000320
1000302
1000023
1000032
1002300
1002300
1002030
1002003
1002030
1002003
1003200
1003200
1003020
1003002
1003020
1003002
1000230
1000203
1000320
1000302
1000023
1000032
1000230
1000203
1000320
1000302
1000023
1000032
1023000
1023000
1023000
1023000
1023000
1023000
1020300
1020300
1020030
1020003
1020030
1020003
1020300
1020300
1020030
1020003
1020030
1020003
1020300
1020300
1020030
1020003
1020030
1020003
1032000
1032000
1032000
1032000
1032000
1032000
1030200
1030200
1030020
1030002
1030020
1030002
1030200
1030200
1030020
1030002
1030020
1030002
1030200
1030200
1030020
1030002
1030020
1030002
1002300
1002300
1002030
1002003
1002030
1002003
1003200
1003200
1003020
1003002
1003020
1003002
1000230
1000203
1000320
1000302
1000023
1000032
1000230
1000203
1000320
1000302
1000023
1000032
1002300
1002300
1002030
1002003
1002030
1002003
1003200
1003200
1003020
1003002
1003020
1003002
1000230
1000203
1000320
1000302
1000023
1000032
1000230
1000203
1000320
1000302
1000023
1000032
1002300
1002300
1002030
1002003
1002030
1002003
1003200
1003200
1003020
1003002
1003020
1003002
1000230
1000203
1000320
1000302
1000023
1000032
1000230
1000203
1000320
1000302
1000023
1000032
1023000
1023000
1023000
1023000
1023000
1023000
1020300
1020300
1020030
1020003
1020030
1020003
1020300
1020300
1020030
1020003
1020030
1020003
1020300
1020300
1020030
1020003
1020030
1020003
1032000
1032000
1032000
1032000
1032000
1032000
1030200
1030200
1030020
1030002
1030020
1030002
1030200
1030200
1030020
1030002
1030020
1030002
1030200
1030200
1030020
1030002
1030020
1030002
1002300
1002300
1002030
1002003
1002030
1002003
1003200
1003200
1003020
1003002
1003020
1003002
1000230
1000203
1000320
1000302
1000023
1000032
1000230
1000203
1000320
1000302
1000023
1000032
1002300
1002300
1002030
1002003
1002030
1002003
1003200
1003200
1003020
1003002
1003020
1003002
1000230
1000203
1000320
1000302
1000023
1000032
1000230
1000203
1000320
1000302
1000023
1000032
1002300
1002300
1002030
1002003
1002030
1002003
1003200
1003200
1003020
1003002
1003020
1003002
1000230
1000203
1000320
1000302
1000023
1000032
1000230
1000203
1000320
1000302
1000023
1000032
1023000
1023000
1023000
1023000
1023000
1023000
1020300
1020300
1020030
1020003
1020030
1020003
1020300
1020300
1020030
1020003
1020030
1020003
1020300
1020300
1020030
1020003
1020030
1020003
1032000
1032000
1032000
1032000
1032000
1032000
1030200
1030200
1030020
1030002
1030020
1030002
1030200
1030200
1030020
1030002
1030020
1030002
1030200
1030200
1030020
1030002
1030020
1030002
1002300
1002300
1002030
1002003
1002030
1002003
1003200
1003200
1003020
1003002
1003020
1003002
1000230
1000203
1000320
1000302
1000023
1000032
1000230
1000203
1000320
1000302
1000023
1000032
1002300
1002300
1002030
1002003
1002030
1002003
1003200
1003200
1003020
1003002
1003020
1003002
1000230
1000203
1000320
1000302
1000023
1000032
1000230
1000203
1000320
1000302
1000023
1000032
1002300
1002300
1002030
1002003
1002030
1002003
1003200
1003200
1003020
1003002
1003020
1003002
1000230
1000203
1000320
1000302
1000023
1000032
1000230
1000203
1000320
1000302
1000023
1000032
2130000
2130000
2130000
2130000
2130000
2130000
2130000
2130000
2130000
2130000
2130000
2130000
2130000
2130000
2130000
2130000
2130000
2130000
2130000
2130000
2130000
2130000
2130000
2130000
2103000
2103000
2103000
2103000
2103000
2103000
2100300
2100300
2100030
2100003
2100030
2100003
2100300
2100300
2100030
2100003
2100030
2100003
2100300
2100300
2100030
2100003
2100030
2100003
2103000
2103000
2103000
2103000
2103000
2103000
2100300
2100300
2100030
2100003
2100030
2100003
2100300
2100300
2100030
2100003
2100030
2100003
2100300
2100300
2100030
2100003
2100030
2100003
2103000
2103000
2103000
2103000
2103000
2103000
2100300
2100300
2100030
2100003
2100030
2100003
2100300
2100300
2100030
2100003
2100030
2100003
2100300
2100300
2100030
2100003
2100030
2100003
2103000
2103000
2103000
2103000
2103000
2103000
2100300
2100300
2100030
2100003
2100030
2100003
2100300
2100300
2100030
2100003
2100030
2100003
2100300
2100300
2100030
2100003
2100030
2100003
2310000
2310000
2310000
2310000
2310000
2310000
2310000
2310000
2310000
2310000
2310000
2310000
2310000
2310000
2310000
2310000
2310000
2310000
2310000
2310000
2310000
2310000
2310000
2310000
2301000
2301000
2301000
2301000
2301000
2301000
2300100
2300100
2300010
2300001
2300010
2300001
2300100
2300100
2300010
2300001
2300010
2300001
2300100
2300100
2300010
2300001
2300010
2300001
2301000
2301000
2301000
2301000
2301000
2301000
2300100
2300100
2300010
2300001
2300010
2300001
2300100
2300100
2300010
2300001
2300010
2300001
2300100
2300100
2300010
2300001
2300010
2300001
2301000
2301000
2301000
2301000
2301000
2301000
2300100
2300100
2300010
2300001
2300010
2300001
2300100
2300100
2300010
2300001
2300010
2300001
2300100
2300100
2300010
2300001
2300010
2300001
2301000
2301000
2301000
2301000
2301000
2301000
2300100
2300100
2300010
2300001
2300010
2300001
2300100
2300100
2300010
2300001
2300010
2300001
2300100
2300100
2300010
2300001
2300010
2300001
2013000
2013000
2013000
2013000
2013000
2013000
2010300
2010300
2010030
2010003
2010030
2010003
2010300
2010300
2010030
2010003
2010030
2010003
2010300
2010300
2010030
2010003
2010030
2010003
2031000
2031000
2031000
2031000
2031000
2031000
2030100
2030100
2030010
2030001
2030010
2030001
2030100
2030100
2030010
2030001
2030010
2030001
2030100
2030100
2030010
2030001
2030010
2030001
2001300
2001300
2001030
2001003
2001030
2001003
2003100
2003100
2003010
2003001
2003010
2003001
2000130
2000103
2000310
2000301
2000013
2000031
2000130
2000103
2000310
2000301
2000013
2000031
2001300
2001300
2001030
2001003
2001030
2001003
2003100
2003100
2003010
2003001
2003010
2003001
2000130
2000103
2000310
2000301
2000013
2000031
2000130
2000103
2000310
2000301
2000013
2000031
2001300
2001300
2001030
2001003
2001030
2001003
2003100
2003100
2003010
2003001
2003010
2003001
2000130
2000103
2000310
2000301
2000013
2000031
2000130
2000103
2000310
2000301
2000013
2000031
2013000
2013000
2013000
2013000
2013000
2013000
2010300
2010300
2010030
2010003
2010030
2010003
2010300
2010300
2010030
2010003
2010030
2010003
2010300
2010300
2010030
2010003
2010030
2010003
2031000
2031000
2031000
2031000
2031000
2031000
2030100
2030100
2030010
2030001
2030010
2030001
2030100
2030100
2030010
2030001
2030010
2030001
2030100
2030100
2030010
2030001
2030010
2030001
2001300
2001300
2001030
2001003
2001030
2001003
2003100
2003100
2003010
2003001
2003010
2003001
2000130
2000103
2000310
2000301
2000013
2000031
2000130
2000103
2000310
2000301
2000013
2000031
2001300
2001300
2001030
2001003
2001030
2001003
2003100
2003100
2003010
2003001
2003010
2003001
2000130
2000103
2000310
2000301
2000013
2000031
2000130
2000103
2000310
2000301
2000013
2000031
2001300
2001300
2001030
2001003
2001030
2001003
2003100
2003100
2003010
2003001
2003010
2003001
2000130
2000103
2000310
2000301
2000013
2000031
2000130
2000103
2000310
2000301
2000013
2000031
2013000
2013000
2013000
2013000
2013000
2013000
2010300
2010300
2010030
2010003
2010030
2010003
2010300
2010300
2010030
2010003
2010030
2010003
2010300
2010300
2010030
2010003
2010030
2010003
2031000
2031000
2031000
2031000
2031000
2031000
2030100
2030100
2030010
2030001
2030010
2030001
2030100
2030100
2030010
2030001
2030010
2030001
2030100
2030100
2030010
2030001
2030010
2030001
2001300
2001300
2001030
2001003
2001030
2001003
2003100
2003100
2003010
2003001
2003010
2003001
2000130
2000103
2000310
2000301
2000013
2000031
2000130
2000103
2000310
2000301
2000013
2000031
2001300
2001300
2001030
2001003
2001030
2001003
2003100
2003100
2003010
2003001
2003010
2003001
2000130
2000103
2000310
2000301
2000013
2000031
2000130
2000103
2000310
2000301
2000013
2000031
2001300
2001300
2001030
2001003
2001030
2001003
2003100
2003100
2003010
2003001
2003010
2003001
2000130
2000103
2000310
2000301
2000013
2000031
2000130
2000103
2000310
2000301
2000013
2000031
2013000
2013000
2013000
2013000
2013000
2013000
2010300
2010300
2010030
2010003
2010030
2010003
2010300
2010300
2010030
2010003
2010030
2010003
2010300
2010300
2010030
2010003
2010030
2010003
2031000
2031000
2031000
2031000
2031000
2031000
2030100
2030100
2030010
2030001
2030010
2030001
2030100
2030100
2030010
2030001
2030010
2030001
2030100
2030100
2030010
2030001
2030010
2030001
2001300
2001300
2001030
2001003
2001030
2001003
2003100
2003100
2003010
2003001
2003010
2003001
2000130
2000103
2000310
2000301
2000013
2000031
2000130
2000103
2000310
2000301
2000013
2000031
2001300
2001300
2001030
2001003
2001030
2001003
2003100
2003100
2003010
2003001
2003010
2003001
2000130
2000103
2000310
2000301
2000013
2000031
2000130
2000103
2000310
2000301
2000013
2000031
2001300
2001300
2001030
2001003
2001030
2001003
2003100
2003100
2003010
2003001
2003010
2003001
2000130
2000103
2000310
2000301
2000013
2000031
2000130
2000103
2000310
2000301
2000013
2000031
3120000
3120000
3120000
3120000
3120000
3120000
3120000
3120000
3120000
3120000
3120000
3120000
3120000
3120000
3120000
3120000
3120000
3120000
3120000
3120000
3120000
3120000
3120000
3120000
3102000
3102000
3102000
3102000
3102000
3102000
3100200
3100200
3100020
3100002
3100020
3100002
3100200
3100200
3100020
3100002
3100020
3100002
3100200
3100200
3100020
3100002
3100020
3100002
3102000
3102000
3102000
3102000
3102000
3102000
3100200
3100200
3100020
3100002
3100020
3100002
3100200
3100200
3100020
3100002
3100020
3100002
3100200
3100200
3100020
3100002
3100020
3100002
3102000
3102000
3102000
3102000
3102000
3102000
3100200
3100200
3100020
3100002
3100020
3100002
3100200
3100200
3100020
3100002
3100020
3100002
3100200
3100200
3100020
3100002
3100020
3100002
3102000
3102000
3102000
3102000
3102000
3102000
3100200
3100200
3100020
3100002
3100020
3100002
3100200
3100200
3100020
3100002
3100020
3100002
3100200
3100200
3100020
3100002
3100020
3100002
3210000
3210000
3210000
3210000
3210000
3210000
3210000
3210000
3210000
3210000
3210000
3210000
3210000
3210000
3210000
3210000
3210000
3210000
3210000
3210000
3210000
3210000
3210000
3210000
3201000
3201000
3201000
3201000
3201000
3201000
3200100
3200100
3200010
3200001
3200010
3200001
3200100
3200100
3200010
3200001
3200010
3200001
3200100
3200100
3200010
3200001
3200010
3200001
3201000
3201000
3201000
3201000
3201000
3201000
3200100
3200100
3200010
3200001
3200010
3200001
3200100
3200100
3200010
3200001
3200010
3200001
3200100
3200100
3200010
3200001
3200010
3200001
3201000
3201000
3201000
3201000
3201000
3201000
3200100
3200100
3200010
3200001
3200010
3200001
3200100
3200100
3200010
3200001
3200010
3200001
3200100
3200100
3200010
3200001
3200010
3200001
3201000
3201000
3201000
3201000
3201000
3201000
3200100
3200100
3200010
3200001
3200010
3200001
3200100
3200100
3200010
3200001
3200010
3200001
3200100
3200100
3200010
3200001
3200010
3200001
3012000
3012000
3012000
3012000
3012000
3012000
3010200
3010200
3010020
3010002
3010020
3010002
3010200
3010200
3010020
3010002
3010020
3010002
3010200
3010200
3010020
3010002
3010020
3010002
3021000
3021000
3021000
3021000
3021000
3021000
3020100
3020100
3020010
3020001
3020010
3020001
3020100
3020100
3020010
3020001
3020010
3020001
3020100
3020100
3020010
3020001
3020010
3020001
3001200
3001200
3001020
3001002
3001020
3001002
3002100
3002100
3002010
3002001
3002010
3002001
3000120
3000102
3000210
3000201
3000012
3000021
3000120
3000102
3000210
3000201
3000012
3000021
3001200
3001200
3001020
3001002
3001020
3001002
3002100
3002100
3002010
3002001
3002010
3002001
3000120
3000102
3000210
3000201
3000012
3000021
3000120
3000102
3000210
3000201
3000012
3000021
3001200
3001200
3001020
3001002
3001020
3001002
3002100
3002100
3002010
3002001
3002010
3002001
3000120
3000102
3000210
3000201
3000012
3000021
3000120
3000102
3000210
3000201
3000012
3000021
3012000
3012000
3012000
3012000
3012000
3012000
3010200
3010200
3010020
3010002
3010020
3010002
3010200
3010200
3010020
3010002
3010020
3010002
3010200
3010200
3010020
3010002
3010020
3010002
3021000
3021000
3021000
3021000
3021000
3021000
3020100
3020100
3020010
3020001
3020010
3020001
3020100
3020100
3020010
3020001
3020010
3020001
3020100
3020100
3020010
3020001
3020010
3020001
3001200
3001200
3001020
3001002
3001020
3001002
3002100
3002100
3002010
3002001
3002010
3002001
3000120
3000102
3000210
3000201
3000012
3000021
3000120
3000102
3000210
3000201
3000012
3000021
3001200
3001200
3001020
3001002
3001020
3001002
3002100
3002100
3002010
3002001
3002010
3002001
3000120
3000102
3000210
3000201
3000012
3000021
3000120
3000102
3000210
3000201
3000012
3000021
3001200
3001200
3001020
3001002
3001020
3001002
3002100
3002100
3002010
3002001
3002010
3002001
3000120
3000102
3000210
3000201
3000012
3000021
3000120
3000102
3000210
3000201
3000012
3000021
3012000
3012000
3012000
3012000
3012000
3012000
3010200
3010200
3010020
3010002
3010020
3010002
3010200
3010200
3010020
3010002
3010020
3010002
3010200
3010200
3010020
3010002
3010020
3010002
3021000
3021000
3021000
3021000
3021000
3021000
3020100
3020100
3020010
3020001
3020010
3020001
3020100
3020100
3020010
3020001
3020010
3020001
3020100
3020100
3020010
3020001
3020010
3020001
3001200
3001200
3001020
3001002
3001020
3001002
3002100
3002100
3002010
3002001
3002010
3002001
3000120
3000102
3000210
3000201
3000012
3000021
3000120
3000102
3000210
3000201
3000012
3000021
3001200
3001200
3001020
3001002
3001020
3001002
3002100
3002100
3002010
3002001
3002010
3002001
3000120
3000102
3000210
3000201
3000012
3000021
3000120
3000102
3000210
3000201
3000012
3000021
3001200
3001200
3001020
3001002
3001020
3001002
3002100
3002100
3002010
3002001
3002010
3002001
3000120
3000102
3000210
3000201
3000012
3000021
3000120
3000102
3000210
3000201
3000012
3000021
3012000
3012000
3012000
3012000
3012000
3012000
3010200
3010200
3010020
3010002
3010020
3010002
3010200
3010200
3010020
3010002
3010020
3010002
3010200
3010200
3010020
3010002
3010020
3010002
3021000
3021000
3021000
3021000
3021000
3021000
3020100
3020100
3020010
3020001
3020010
3020001
3020100
3020100
3020010
3020001
3020010
3020001
3020100
3020100
3020010
3020001
3020010
3020001
3001200
3001200
3001020
3001002
3001020
3001002
3002100
3002100
3002010
3002001
3002010
3002001
3000120
3000102
3000210
3000201
3000012
3000021
3000120
3000102
3000210
3000201
3000012
3000021
3001200
3001200
3001020
3001002
3001020
3001002
3002100
3002100
3002010
3002001
3002010
3002001
3000120
3000102
3000210
3000201
3000012
3000021
3000120
3000102
3000210
3000201
3000012
3000021
3001200
3001200
3001020
3001002
3001020
3001002
3002100
3002100
3002010
3002001
3002010
3002001
3000120
3000102
3000210
3000201
3000012
3000021
3000120
3000102
3000210
3000201
3000012
3000021
0123000
0123000
0123000
0123000
0123000
0123000
0120300
0120300
0120030
0120003
0120030
0120003
0120300
0120300
0120030
0120003
0120030
0120003
0120300
0120300
0120030
0120003
0120030
0120003
0132000
0132000
0132000
0132000
0132000
0132000
0130200
0130200
0130020
0130002
0130020
0130002
0130200
0130200
0130020
0130002
0130020
0130002
0130200
0130200
0130020
0130002
0130020
0130002
0102300
0102300
0102030
0102003
0102030
0102003
0103200
0103200
0103020
0103002
0103020
0103002
0100230
0100203
0100320
0100302
0100023
0100032
0100230
0100203
0100320
0100302
0100023
0100032
0102300
0102300
0102030
0102003
0102030
0102003
0103200
0103200
0103020
0103002
0103020
0103002
0100230
0100203
0100320
0100302
0100023
0100032
0100230
0100203
0100320
0100302
0100023
0100032
0102300
0102300
0102030
0102003
0102030
0102003
0103200
0103200
0103020
0103002
0103020
0103002
0100230
0100203
0100320
0100302
0100023
0100032
0100230
0100203
0100320
0100302
0100023
0100032
0213000
0213000
0213000
0213000
0213000
0213000
0210300
0210300
0210030
0210003
0210030
0210003
0210300
0210300
0210030
0210003
0210030
0210003
0210300
0210300
0210030
0210003
0210030
0210003
0231000
0231000
0231000
0231000
0231000
0231000
0230100
0230100
0230010
0230001
0230010
0230001
0230100
0230100
0230010
0230001
0230010
0230001
0230100
0230100
0230010
0230001
0230010
0230001
0201300
0201300
0201030
0201003
0201030
0201003
0203100
0203100
0203010
0203001
0203010
0203001
0200130
0200103
0200310
0200301
0200013
0200031
0200130
0200103
0200310
0200301
0200013
0200031
0201300
0201300
0201030
0201003
0201030
0201003
0203100
0203100
0203010
0203001
0203010
0203001
0200130
0200103
0200310
0200301
0200013
0200031
0200130
0200103
0200310
0200301
0200013
0200031
0201300
0201300
0201030
0201003
0201030
0201003
0203100
0203100
0203010
0203001
0203010
0203001
0200130
0200103
0200310
0200301
0200013
0200031
0200130
0200103
0200310
0200301
0200013
0200031
0312000
0312000
0312000
0312000
0312000
0312000
0310200
0310200
0310020
0310002
0310020
0310002
0310200
0310200
0310020
0310002
0310020
0310002
0310200
0310200
0310020
0310002
0310020
0310002
0321000
0321000
0321000
0321000
0321000
0321000
0320100
0320100
0320010
0320001
0320010
0320001
0320100
0320100
0320010
0320001
0320010
0320001
0320100
0320100
0320010
0320001
0320010
0320001
0301200
0301200
0301020
0301002
0301020
0301002
0302100
0302100
0302010
0302001
0302010
0302001
0300120
0300102
0300210
0300201
0300012
0300021
0300120
0300102
0300210
0300201
0300012
0300021
0301200
0301200
0301020
0301002
0301020
0301002
0302100
0302100
0302010
0302001
0302010
0302001
0300120
0300102
0300210
0300201
0300012
0300021
0300120
0300102
0300210
0300201
0300012
0300021
0301200
0301200
0301020
0301002
0301020
0301002
0302100
0302100
0302010
0302001
0302010
0302001
0300120
0300102
0300210
0300201
0300012
0300021
0300120
0300102
0300210
0300201
0300012
0300021
0012300
0012300
0012030
0012003
0012030
0012003
0013200
0013200
0013020
0013002
0013020
0013002
0010230
0010203
0010320
0010302
0010023
0010032
0010230
0010203
0010320
0010302
0010023
0010032
0021300
0021300
0021030
0021003
0021030
0021003
0023100
0023100
0023010
0023001
0023010
0023001
0020130
0020103
0020310
0020301
0020013
0020031
0020130
0020103
0020310
0020301
0020013
0020031
0031200
0031200
0031020
0031002
0031020
0031002
0032100
0032100
0032010
0032001
0032010
0032001
0030120
0030102
0030210
0030201
0030012
0030021
0030120
0030102
0030210
0030201
0030012
0030021
0001230
0001203
0001320
0001302
0001023
0001032
0002130
0002103
0002310
0002301
0002013
0002031
0003120
0003102
0003210
0003201
0003012
0003021
0000123
0000132
0000213
0000231
0000312
0000321
0001230
0001203
0001320
0001302
0001023
0001032
0002130
0002103
0002310
0002301
0002013
0002031
0003120
0003102
0003210
0003201
0003012
0003021
0000123
0000132
0000213
0000231
0000312
0000321
0012300
0012300
0012030
0012003
0012030
0012003
0013200
0013200
0013020
0013002
0013020
0013002
0010230
0010203
0010320
0010302
0010023
0010032
0010230
0010203
0010320
0010302
0010023
0010032
0021300
0021300
0021030
0021003
0021030
0021003
0023100
0023100
0023010
0023001
0023010
0023001
0020130
0020103
0020310
0020301
0020013
0020031
0020130
0020103
0020310
0020301
0020013
0020031
0031200
0031200
0031020
0031002
0031020
0031002
0032100
0032100
0032010
0032001
0032010
0032001
0030120
0030102
0030210
0030201
0030012
0030021
0030120
0030102
0030210
0030201
0030012
0030021
0001230
0001203
0001320
0001302
0001023
0001032
0002130
0002103
0002310
0002301
0002013
0002031
0003120
0003102
0003210
0003201
0003012
0003021
0000123
0000132
0000213
0000231
0000312
0000321
0001230
0001203
0001320
0001302
0001023
0001032
0002130
0002103
0002310
0002301
0002013
0002031
0003120
0003102
0003210
0003201
0003012
0003021
0000123
0000132
0000213
0000231
0000312
0000321
0012300
0012300
0012030
0012003
0012030
0012003
0013200
0013200
0013020
0013002
0013020
0013002
0010230
0010203
0010320
0010302
0010023
0010032
0010230
0010203
0010320
0010302
0010023
0010032
0021300
0021300
0021030
0021003
0021030
0021003
0023100
0023100
0023010
0023001
0023010
0023001
0020130
0020103
0020310
0020301
0020013
0020031
0020130
0020103
0020310
0020301
0020013
0020031
0031200
0031200
0031020
0031002
0031020
0031002
0032100
0032100
0032010
0032001
0032010
0032001
0030120
0030102
0030210
0030201
0030012
0030021
0030120
0030102
0030210
0030201
0030012
0030021
0001230
0001203
0001320
0001302
0001023
0001032
0002130
0002103
0002310
0002301
0002013
0002031
0003120
0003102
0003210
0003201
0003012
0003021
0000123
0000132
0000213
0000231
0000312
0000321
0001230
0001203
0001320
0001302
0001023
0001032
0002130
0002103
0002310
0002301
0002013
0002031
0003120
0003102
0003210
0003201
0003012
0003021
0000123
0000132
0000213
0000231
0000312
0000321
0123000
0123000
0123000
0123000
0123000
0123000
0120300
0120300
0120030
0120003
0120030
0120003
0120300
0120300
0120030
0120003
0120030
0120003
0120300
0120300
0120030
0120003
0120030
0120003
0132000
0132000
0132000
0132000
0132000
0132000
0130200
0130200
0130020
0130002
0130020
0130002
0130200
0130200
0130020
0130002
0130020
0130002
0130200
0130200
0130020
0130002
0130020
0130002
0102300
0102300
0102030
0102003
0102030
0102003
0103200
0103200
0103020
0103002
0103020
0103002
0100230
0100203
0100320
0100302
0100023
0100032
0100230
0100203
0100320
0100302
0100023
0100032
0102300
0102300
0102030
0102003
0102030
0102003
0103200
0103200
0103020
0103002
0103020
0103002
0100230
0100203
0100320
0100302
0100023
0100032
0100230
0100203
0100320
0100302
0100023
0100032
0102300
0102300
0102030
0102003
0102030
0102003
0103200
0103200
0103020
0103002
0103020
0103002
0100230
0100203
0100320
0100302
0100023
0100032
0100230
0100203
0100320
0100302
0100023
0100032
0213000
0213000
0213000
0213000
0213000
0213000
0210300
0210300
0210030
0210003
0210030
0210003
0210300
0210300
0210030
0210003
0210030
0210003
0210300
0210300
0210030
0210003
0210030
0210003
0231000
0231000
0231000
0231000
0231000
0231000
0230100
0230100
0230010
0230001
0230010
0230001
0230100
0230100
0230010
0230001
0230010
0230001
0230100
0230100
0230010
0230001
0230010
0230001
0201300
0201300
0201030
0201003
0201030
0201003
0203100
0203100
0203010
0203001
0203010
0203001
0200130
0200103
0200310
0200301
0200013
0200031
0200130
0200103
0200310
0200301
0200013
0200031
0201300
0201300
0201030
0201003
0201030
0201003
0203100
0203100
0203010
0203001
0203010
0203001
0200130
0200103
0200310
0200301
0200013
0200031
0200130
0200103
0200310
0200301
0200013
0200031
0201300
0201300
0201030
0201003
0201030
0201003
0203100
0203100
0203010
0203001
0203010
0203001
0200130
0200103
0200310
0200301
0200013
0200031
0200130
0200103
0200310
0200301
0200013
0200031
0312000
0312000
0312000
0312000
0312000
0312000
0310200
0310200
0310020
0310002
0310020
0310002
0310200
0310200
0310020
0310002
0310020
0310002
0310200
0310200
0310020
0310002
0310020
0310002
0321000
0321000
0321000
0321000
0321000
0321000
0320100
0320100
0320010
0320001
0320010
0320001
0320100
0320100
0320010
0320001
0320010
0320001
0320100
0320100
0320010
0320001
0320010
0320001
0301200
0301200
0301020
0301002
0301020
0301002
0302100
0302100
0302010
0302001
0302010
0302001
0300120
0300102
0300210
0300201
0300012
0300021
0300120
0300102
0300210
0300201
0300012
0300021
0301200
0301200
0301020
0301002
0301020
0301002
0302100
0302100
0302010
0302001
0302010
0302001
0300120
0300102
0300210
0300201
0300012
0300021
0300120
0300102
0300210
0300201
0300012
0300021
0301200
0301200
0301020
0301002
0301020
0301002
0302100
0302100
0302010
0302001
0302010
0302001
0300120
0300102
0300210
0300201
0300012
0300021
0300120
0300102
0300210
0300201
0300012
0300021
0012300
0012300
0012030
0012003
0012030
0012003
0013200
0013200
0013020
0013002
0013020
0013002
0010230
0010203
0010320
0010302
0010023
0010032
0010230
0010203
0010320
0010302
0010023
0010032
0021300
0021300
0021030
0021003
0021030
0021003
0023100
0023100
0023010
0023001
0023010
0023001
0020130
0020103
0020310
0020301
0020013
0020031
0020130
0020103
0020310
0020301
0020013
0020031
0031200
0031200
0031020
0031002
0031020
0031002
0032100
0032100
0032010
0032001
0032010
0032001
0030120
0030102
0030210
0030201
0030012
0030021
0030120
0030102
0030210
0030201
0030012
0030021
0001230
0001203
0001320
0001302
0001023
0001032
0002130
0002103
0002310
0002301
0002013
0002031
0003120
0003102
0003210
0003201
0003012
0003021
0000123
0000132
0000213
0000231
0000312
0000321
0001230
0001203
0001320
0001302
0001023
0001032
0002130
0002103
0002310
0002301
0002013
0002031
0003120
0003102
0003210
0003201
0003012
0003021
0000123
0000132
0000213
0000231
0000312
0000321
0012300
0012300
0012030
0012003
0012030
0012003
0013200
0013200
0013020
0013002
0013020
0013002
0010230
0010203
0010320
0010302
0010023
0010032
0010230
0010203
0010320
0010302
0010023
0010032
0021300
0021300
0021030
0021003
0021030
0021003
0023100
0023100
0023010
0023001
0023010
0023001
0020130
0020103
0020310
0020301
0020013
0020031
0020130
0020103
0020310
0020301
0020013
0020031
0031200
0031200
0031020
0031002
0031020
0031002
0032100
0032100
0032010
0032001
0032010
0032001
0030120
0030102
0030210
0030201
0030012
0030021
0030120
0030102
0030210
0030201
0030012
0030021
0001230
0001203
0001320
0001302
0001023
0001032
0002130
0002103
0002310
0002301
0002013
0002031
0003120
0003102
0003210
0003201
0003012
0003021
0000123
0000132
0000213
0000231
0000312
0000321
0001230
0001203
0001320
0001302
0001023
0001032
0002130
0002103
0002310
0002301
0002013
0002031
0003120
0003102
0003210
0003201
0003012
0003021
0000123
0000132
0000213
0000231
0000312
0000321
0012300
0012300
0012030
0012003
0012030
0012003
0013200
0013200
0013020
0013002
0013020
0013002
0010230
0010203
0010320
0010302
0010023
0010032
0010230
0010203
0010320
0010302
0010023
0010032
0021300
0021300
0021030
0021003
0021030
0021003
0023100
0023100
0023010
0023001
0023010
0023001
0020130
0020103
0020310
0020301
0020013
0020031
0020130
0020103
0020310
0020301
0020013
0020031
0031200
0031200
0031020
0031002
0031020
0031002
0032100
0032100
0032010
0032001
0032010
0032001
0030120
0030102
0030210
0030201
0030012
0030021
0030120
0030102
0030210
0030201
0030012
0030021
0001230
0001203
0001320
0001302
0001023
0001032
0002130
0002103
0002310
0002301
0002013
0002031
0003120
0003102
0003210
0003201
0003012
0003021
0000123
0000132
0000213
0000231
0000312
0000321
0001230
0001203
0001320
0001302
0001023
0001032
0002130
0002103
0002310
0002301
0002013
0002031
0003120
0003102
0003210
0003201
0003012
0003021
0000123
0000132
0000213
0000231
0000312
0000321
0123000
0123000
0123000
0123000
0123000
0123000
0120300
0120300
0120030
0120003
0120030
0120003
0120300
0120300
0120030
0120003
0120030
0120003
0120300
0120300
0120030
0120003
0120030
0120003
0132000
0132000
0132000
0132000
0132000
0132000
0130200
0130200
0130020
0130002
0130020
0130002
0130200
0130200
0130020
0130002
0130020
0130002
0130200
0130200
0130020
0130002
0130020
0130002
0102300
0102300
0102030
0102003
0102030
0102003
0103200
0103200
0103020
0103002
0103020
0103002
0100230
0100203
0100320
0100302
0100023
0100032
0100230
0100203
0100320
0100302
0100023
0100032
0102300
0102300
0102030
0102003
0102030
0102003
0103200
0103200
0103020
0103002
0103020
0103002
0100230
0100203
0100320
0100302
0100023
0100032
0100230
0100203
0100320
0100302
0100023
0100032
0102300
0102300
0102030
0102003
0102030
0102003
0103200
0103200
0103020
0103002
0103020
0103002
0100230
0100203
0100320
0100302
0100023
0100032
0100230
0100203
0100320
0100302
0100023
0100032
0213000
0213000
0213000
0213000
0213000
0213000
0210300
0210300
0210030
0210003
0210030
0210003
0210300
0210300
0210030
0210003
0210030
0210003
0210300
0210300
0210030
0210003
0210030
0210003
0231000
0231000
0231000
0231000
0231000
0231000
0230100
0230100
0230010
0230001
0230010
0230001
0230100
0230100
0230010
0230001
0230010
0230001
0230100
0230100
0230010
0230001
0230010
0230001
0201300
0201300
0201030
0201003
0201030
0201003
0203100
0203100
0203010
0203001
0203010
0203001
0200130
0200103
0200310
0200301
0200013
0200031
0200130
0200103
0200310
0200301
0200013
0200031
0201300
0201300
0201030
0201003
0201030
0201003
0203100
0203100
0203010
0203001
0203010
0203001
0200130
0200103
0200310
0200301
0200013
0200031
0200130
0200103
0200310
0200301
0200013
0200031
0201300
0201300
0201030
0201003
0201030
0201003
0203100
0203100
0203010
0203001
0203010
0203001
0200130
0200103
0200310
0200301
0200013
0200031
0200130
0200103
0200310
0200301
0200013
0200031
0312000
0312000
0312000
0312000
0312000
0312000
0310200
0310200
0310020
0310002
0310020
0310002
0310200
0310200
0310020
0310002
0310020
0310002
0310200
0310200
0310020
0310002
0310020
0310002
0321000
0321000
0321000
0321000
0321000
0321000
0320100
0320100
0320010
0320001
0320010
0320001
0320100
0320100
0320010
0320001
0320010
0320001
0320100
0320100
0320010
0320001
0320010
0320001
0301200
0301200
0301020
0301002
0301020
0301002
0302100
0302100
0302010
0302001
0302010
0302001
0300120
0300102
0300210
0300201
0300012
0300021
0300120
0300102
0300210
0300201
0300012
0300021
0301200
0301200
0301020
0301002
0301020
0301002
0302100
0302100
0302010
0302001
0302010
0302001
0300120
0300102
0300210
0300201
0300012
0300021
0300120
0300102
0300210
0300201
0300012
0300021
0301200
0301200
0301020
0301002
0301020
0301002
0302100
0302100
0302010
0302001
0302010
0302001
0300120
0300102
0300210
0300201
0300012
0300021
0300120
0300102
0300210
0300201
0300012
0300021
0012300
0012300
0012030
0012003
0012030
0012003
0013200
0013200
0013020
0013002
0013020
0013002
0010230
0010203
0010320
0010302
0010023
0010032
0010230
0010203
0010320
0010302
0010023
0010032
0021300
0021300
0021030
0021003
0021030
0021003
0023100
0023100
0023010
0023001
0023010
0023001
0020130
0020103
0020310
0020301
0020013
0020031
0020130
0020103
0020310
0020301
0020013
0020031
0031200
0031200
0031020
0031002
0031020
0031002
0032100
0032100
0032010
0032001
0032010
0032001
0030120
0030102
0030210
0030201
0030012
0030021
0030120
0030102
0030210
0030201
0030012
0030021
0001230
0001203
0001320
0001302
0001023
0001032
0002130
0002103
0002310
0002301
0002013
0002031
0003120
0003102
0003210
0003201
0003012
0003021
0000123
0000132
0000213
0000231
0000312
0000321
0001230
0001203
0001320
0001302
0001023
0001032
0002130
0002103
0002310
0002301
0002013
0002031
0003120
0003102
0003210
0003201
0003012
0003021
0000123
0000132
0000213
0000231
0000312
0000321
0012300
0012300
0012030
0012003
0012030
0012003
0013200
0013200
0013020
0013002
0013020
0013002
0010230
0010203
0010320
0010302
0010023
0010032
0010230
0010203
0010320
0010302
0010023
0010032
0021300
0021300
0021030
0021003
0021030
0021003
0023100
0023100
0023010
0023001
0023010
0023001
0020130
0020103
0020310
0020301
0020013
0020031
0020130
0020103
0020310
0020301
0020013
0020031
0031200
0031200
0031020
0031002
0031020
0031002
0032100
0032100
0032010
0032001
0032010
0032001
0030120
0030102
0030210
0030201
0030012
0030021
0030120
0030102
0030210
0030201
0030012
0030021
0001230
0001203
0001320
0001302
0001023
0001032
0002130
0002103
0002310
0002301
0002013
0002031
0003120
0003102
0003210
0003201
0003012
0003021
0000123
0000132
0000213
0000231
0000312
0000321
0001230
0001203
0001320
0001302
0001023
0001032
0002130
0002103
0002310
0002301
0002013
0002031
0003120
0003102
0003210
0003201
0003012
0003021
0000123
0000132
0000213
0000231
0000312
0000321
0012300
0012300
0012030
0012003
0012030
0012003
0013200
0013200
0013020
0013002
0013020
0013002
0010230
0010203
0010320
0010302
0010023
0010032
0010230
0010203
0010320
0010302
0010023
0010032
0021300
0021300
0021030
0021003
0021030
0021003
0023100
0023100
0023010
0023001
0023010
0023001
0020130
0020103
0020310
0020301
0020013
0020031
0020130
0020103
0020310
0020301
0020013
0020031
0031200
0031200
0031020
0031002
0031020
0031002
0032100
0032100
0032010
0032001
0032010
0032001
0030120
0030102
0030210
0030201
0030012
0030021
0030120
0030102
0030210
0030201
0030012
0030021
0001230
0001203
0001320
0001302
0001023
0001032
0002130
0002103
0002310
0002301
0002013
0002031
0003120
0003102
0003210
0003201
0003012
0003021
0000123
0000132
0000213
0000231
0000312
0000321
0001230
0001203
0001320
0001302
0001023
0001032
0002130
0002103
0002310
0002301
0002013
0002031
0003120
0003102
0003210
0003201
0003012
0003021
0000123
0000132
0000213
0000231
0000312
0000321
0123000
0123000
0123000
0123000
0123000
0123000
0120300
0120300
0120030
0120003
0120030
0120003
0120300
0120300
0120030
0120003
0120030
0120003
0120300
0120300
0120030
0120003
0120030
0120003
0132000
0132000
0132000
0132000
0132000
0132000
0130200
0130200
0130020
0130002
0130020
0130002
0130200
0130200
0130020
0130002
0130020
0130002
0130200
0130200
0130020
0130002
0130020
0130002
0102300
0102300
0102030
0102003
0102030
0102003
0103200
0103200
0103020
0103002
0103020
0103002
0100230
0100203
0100320
0100302
0100023
0100032
0100230
0100203
0100320
0100302
0100023
0100032
0102300
0102300
0102030
0102003
0102030
0102003
0103200
0103200
0103020
0103002
0103020
0103002
0100230
0100203
0100320
0100302
0100023
0100032
0100230
0100203
0100320
0100302
0100023
0100032
0102300
0102300
0102030
0102003
0102030
0102003
0103200
0103200
0103020
0103002
0103020
0103002
0100230
0100203
0100320
0100302
0100023
0100032
0100230
0100203
0100320
0100302
0100023
0100032
0213000
0213000
0213000
0213000
0213000
0213000
0210300
0210300
0210030
0210003
0210030
0210003
0210300
0210300
0210030
0210003
0210030
0210003
0210300
0210300
0210030
0210003
0210030
0210003
0231000
0231000
0231000
0231000
0231000
0231000
0230100
0230100
0230010
0230001
0230010
0230001
0230100
0230100
0230010
0230001
0230010
0230001
0230100
0230100
0230010
0230001
0230010
0230001
0201300
0201300
0201030
0201003
0201030
0201003
0203100
0203100
0203010
0203001
0203010
0203001
0200130
0200103
0200310
0200301
0200013
0200031
0200130
0200103
0200310
0200301
0200013
0200031
0201300
0201300
0201030
0201003
0201030
0201003
0203100
0203100
0203010
0203001
0203010
0203001
0200130
0200103
0200310
0200301
0200013
0200031
0200130
0200103
0200310
0200301
0200013
0200031
0201300
0201300
0201030
0201003
0201030
0201003
0203100
0203100
0203010
0203001
0203010
0203001
0200130
0200103
0200310
0200301
0200013
0200031
0200130
0200103
0200310
0200301
0200013
0200031
0312000
0312000
0312000
0312000
0312000
0312000
0310200
0310200
0310020
0310002
0310020
0310002
0310200
0310200
0310020
0310002
0310020
0310002
0310200
0310200
0310020
0310002
0310020
0310002
0321000
0321000
0321000
0321000
0321000
0321000
0320100
0320100
0320010
0320001
0320010
0320001
0320100
0320100
0320010
0320001
0320010
0320001
0320100
0320100
0320010
0320001
0320010
0320001
0301200
0301200
0301020
0301002
0301020
0301002
0302100
0302100
0302010
0302001
0302010
0302001
0300120
0300102
0300210
0300201
0300012
0300021
0300120
0300102
0300210
0300201
0300012
0300021
0301200
0301200
0301020
0301002
0301020
0301002
0302100
0302100
0302010
0302001
0302010
0302001
0300120
0300102
0300210
0300201
0300012
0300021
0300120
0300102
0300210
0300201
0300012
0300021
0301200
0301200
0301020
0301002
0301020
0301002
0302100
0302100
0302010
0302001
0302010
0302001
0300120
0300102
0300210
0300201
0300012
0300021
0300120
0300102
0300210
0300201
0300012
0300021
0012300
0012300
0012030
0012003
0012030
0012003
0013200
0013200
0013020
0013002
0013020
0013002
0010230
0010203
0010320
0010302
0010023
0010032
0010230
0010203
0010320
0010302
0010023
0010032
0021300
0021300
0021030
0021003
0021030
0021003
0023100
0023100
0023010
0023001
0023010
0023001
0020130
0020103
0020310
0020301
0020013
0020031
0020130
0020103
0020310
0020301
0020013
0020031
0031200
0031200
0031020
0031002
0031020
0031002
0032100
0032100
0032010
0032001
0032010
0032001
0030120
0030102
0030210
0030201
0030012
0030021
0030120
0030102
0030210
0030201
0030012
0030021
0001230
0001203
0001320
0001302
0001023
0001032
0002130
0002103
0002310
0002301
0002013
0002031
0003120
0003102
0003210
0003201
0003012
0003021
0000123
0000132
0000213
0000231
0000312
0000321
0001230
0001203
0001320
0001302
0001023
0001032
0002130
0002103
0002310
0002301
0002013
0002031
0003120
0003102
0003210
0003201
0003012
0003021
0000123
0000132
0000213
0000231
0000312
0000321
0012300
0012300
0012030
0012003
0012030
0012003
0013200
0013200
0013020
0013002
0013020
0013002
0010230
0010203
0010320
0010302
0010023
0010032
0010230
0010203
0010320
0010302
0010023
0010032
0021300
0021300
0021030
0021003
0021030
0021003
0023100
0023100
0023010
0023001
0023010
0023001
0020130
0020103
0020310
0020301
0020013
0020031
0020130
0020103
0020310
0020301
0020013
0020031
0031200
0031200
0031020
0031002
0031020
0031002
0032100
0032100
0032010
0032001
0032010
0032001
0030120
0030102
0030210
0030201
0030012
0030021
0030120
0030102
0030210
0030201
0030012
0030021
0001230
0001203
0001320
0001302
0001023
0001032
0002130
0002103
0002310
0002301
0002013
0002031
0003120
0003102
0003210
0003201
0003012
0003021
0000123
0000132
0000213
0000231
0000312
0000321
0001230
0001203
0001320
0001302
0001023
0001032
0002130
0002103
0002310
0002301
0002013
0002031
0003120
0003102
0003210
0003201
0003012
0003021
0000123
0000132
0000213
0000231
0000312
0000321
0012300
0012300
0012030
0012003
0012030
0012003
0013200
0013200
0013020
0013002
0013020
0013002
0010230
0010203
0010320
0010302
0010023
0010032
0010230
0010203
0010320
0010302
0010023
0010032
0021300
0021300
0021030
0021003
0021030
0021003
0023100
0023100
0023010
0023001
0023010
0023001
0020130
0020103
0020310
0020301
0020013
0020031
0020130
0020103
0020310
0020301
0020013
0020031
0031200
0031200
0031020
0031002
0031020
0031002
0032100
0032100
0032010
0032001
0032010
0032001
0030120
0030102
0030210
0030201
0030012
0030021
0030120
0030102
0030210
0030201
0030012
0030021
0001230
0001203
0001320
0001302
0001023
0001032
0002130
0002103
0002310
0002301
0002013
0002031
0003120
0003102
0003210
0003201
0003012
0003021
0000123
0000132
0000213
0000231
0000312
0000321
0001230
0001203
0001320
0001302
0001023
0001032
0002130
0002103
0002310
0002301
0002013
0002031
0003120
0003102
0003210
0003201
0003012
0003021
0000123
0000132
0000213
0000231
0000312
0000321
