1234000
1234000
1234000
1234000
1234000
1234000
1230400
1230400
1230040
1230004
1230040
1230004
1230400
1230400
1230040
1230004
1230040
1230004
1230400
1230400
1230040
1230004
1230040
1230004
1243000
1243000
1243000
1243000
1243000
1243000
1240300
1240300
1240030
1240003
1240030
1240003
1240300
1240300
1240030
1240003
1240030
1240003
1240300
1240300
1240030
1240003
1240030
1240003
1203400
1203400
1203040
1203004
1203040
1203004
1204300
1204300
1204030
1204003
1204030
1204003
1200340
1200304
1200430
1200403
1200034
1200043
1200340
1200304
1200430
1200403
1200034
1200043
1203400
1203400
1203040
1203004
1203040
1203004
1204300
1204300
1204030
1204003
1204030
1204003
1200340
1200304
1200430
1200403
1200034
1200043
1200340
1200304
1200430
1200403
1200034
1200043
1203400
1203400
1203040
1203004
1203040
1203004
1204300
1204300
1204030
1204003
1204030
1204003
1200340
1200304
1200430
1200403
1200034
1200043
1200340
1200304
1200430
1200403
1200034
1200043
1324000
1324000
1324000
1324000
1324000
1324000
1320400
1320400
1320040
1320004
1320040
1320004
1320400
1320400
1320040
1320004
1320040
1320004
1320400
1320400
1320040
1320004
1320040
1320004
1342000
1342000
1342000
1342000
1342000
1342000
1340200
1340200
1340020
1340002
1340020
1340002
1340200
1340200
1340020
1340002
1340020
1340002
1340200
1340200
1340020
1340002
1340020
1340002
1302400
1302400
1302040
1302004
1302040
1302004
1304200
1304200
1304020
1304002
1304020
1304002
1300240
1300204
1300420
1300402
1300024
1300042
1300240
1300204
1300420
1300402
1300024
1300042
1302400
1302400
1302040
1302004
1302040
1302004
1304200
1304200
1304020
1304002
1304020
1304002
1300240
1300204
1300420
1300402
1300024
1300042
1300240
1300204
1300420
1300402
1300024
1300042
1302400
1302400
1302040
1302004
1302040
1302004
1304200
1304200
1304020
1304002
1304020
1304002
1300240
1300204
1300420
1300402
1300024
1300042
1300240
1300204
1300420
1300402
1300024
1300042
1423000
1423000
1423000
1423000
1423000
1423000
1420300
1420300
1420030
1420003
1420030
1420003
1420300
1420300
1420030
1420003
1420030
1420003
1420300
1420300
1420030
1420003
1420030
1420003
1432000
1432000
1432000
1432000
1432000
1432000
1430200
1430200
1430020
1430002
1430020
1430002
1430200
1430200
1430020
1430002
1430020
1430002
1430200
1430200
1430020
1430002
1430020
1430002
1402300
1402300
1402030
1402003
1402030
1402003
1403200
1403200
1403020
1403002
1403020
1403002
1400230
1400203
1400320
1400302
1400023
1400032
1400230
1400203
1400320
1400302
1400023
1400032
1402300
1402300
1402030
1402003
1402030
1402003
1403200
1403200
1403020
1403002
1403020
1403002
1400230
1400203
1400320
1400302
1400023
1400032
1400230
1400203
1400320
1400302
1400023
1400032
1402300
1402300
1402030
1402003
1402030
1402003
1403200
1403200
1403020
1403002
1403020
1403002
1400230
1400203
1400320
1400302
1400023
1400032
1400230
1400203
1400320
1400302
1400023
1400032
1023400
1023400
1023040
1023004
1023040
1023004
1024300
1024300
1024030
1024003
1024030
1024003
1020340
1020304
1020430
1020403
1020034
1020043
1020340
1020304
1020430
1020403
1020034
1020043
1032400
1032400
1032040
1032004
1032040
1032004
1034200
1034200
1034020
1034002
1034020
1034002
1030240
1030204
1030420
1030402
1030024
1030042
1030240
1030204
1030420
1030402
1030024
1030042
1042300
1042300
1042030
1042003
1042030
1042003
1043200
1043200
1043020
1043002
1043020
1043002
1040230
1040203
1040320
1040302
1040023
1040032
1040230
1040203
1040320
1040302
1040023
1040032
1002340
1002304
1002430
1002403
1002034
1002043
1003240
1003204
1003420
1003402
1003024
1003042
1004230
1004203
1004320
1004302
1004023
1004032
1000234
1000243
1000324
1000342
1000423
1000432
1002340
1002304
1002430
1002403
1002034
1002043
1003240
1003204
1003420
1003402
1003024
1003042
1004230
1004203
1004320
1004302
1004023
1004032
1000234
1000243
1000324
1000342
1000423
1000432
1023400
1023400
1023040
1023004
1023040
1023004
1024300
1024300
1024030
1024003
1024030
1024003
1020340
1020304
1020430
1020403
1020034
1020043
1020340
1020304
1020430
1020403
1020034
1020043
1032400
1032400
1032040
1032004
1032040
1032004
1034200
1034200
1034020
1034002
1034020
1034002
1030240
1030204
1030420
1030402
1030024
1030042
1030240
1030204
1030420
1030402
1030024
1030042
1042300
1042300
1042030
1042003
1042030
1042003
1043200
1043200
1043020
1043002
1043020
1043002
1040230
1040203
1040320
1040302
1040023
1040032
1040230
1040203
1040320
1040302
1040023
1040032
1002340
1002304
1002430
1002403
1002034
1002043
1003240
1003204
1003420
1003402
1003024
1003042
1004230
1004203
1004320
1004302
1004023
1004032
1000234
1000243
1000324
1000342
1000423
1000432
1002340
1002304
1002430
1002403
1002034
1002043
1003240
1003204
1003420
1003402
1003024
1003042
1004230
1004203
1004320
1004302
1004023
1004032
1000234
1000243
1000324
1000342
1000423
1000432
1023400
1023400
1023040
1023004
1023040
1023004
1024300
1024300
1024030
1024003
1024030
1024003
1020340
1020304
1020430
1020403
1020034
1020043
1020340
1020304
1020430
1020403
1020034
1020043
1032400
1032400
1032040
1032004
1032040
1032004
1034200
1034200
1034020
1034002
1034020
1034002
1030240
1030204
1030420
1030402
1030024
1030042
1030240
1030204
1030420
1030402
1030024
1030042
1042300
1042300
1042030
1042003
1042030
1042003
1043200
1043200
1043020
1043002
1043020
1043002
1040230
1040203
1040320
1040302
1040023
1040032
1040230
1040203
1040320
1040302
1040023
1040032
1002340
1002304
1002430
1002403
1002034
1002043
1003240
1003204
1003420
1003402
1003024
1003042
1004230
1004203
1004320
1004302
1004023
1004032
1000234
1000243
1000324
1000342
1000423
1000432
1002340
1002304
1002430
1002403
1002034
1002043
1003240
1003204
1003420
1003402
1003024
1003042
1004230
1004203
1004320
1004302
1004023
1004032
1000234
1000243
1000324
1000342
1000423
1000432
2134000
2134000
2134000
2134000
2134000
2134000
2130400
2130400
2130040
2130004
2130040
2130004
2130400
2130400
2130040
2130004
2130040
2130004
2130400
2130400
2130040
2130004
2130040
2130004
2143000
2143000
2143000
2143000
2143000
2143000
2140300
2140300
2140030
2140003
2140030
2140003
2140300
2140300
2140030
2140003
2140030
2140003
2140300
2140300
2140030
2140003
2140030
2140003
2103400
2103400
2103040
2103004
2103040
2103004
2104300
2104300
2104030
2104003
2104030
2104003
2100340
2100304
2100430
2100403
2100034
2100043
2100340
2100304
2100430
2100403
2100034
2100043
2103400
2103400
2103040
2103004
2103040
2103004
2104300
2104300
2104030
2104003
2104030
2104003
2100340
2100304
2100430
2100403
2100034
2100043
2100340
2100304
2100430
2100403
2100034
2100043
2103400
2103400
2103040
2103004
2103040
2103004
2104300
2104300
2104030
2104003
2104030
2104003
2100340
2100304
2100430
2100403
2100034
2100043
2100340
2100304
2100430
2100403
2100034
2100043
2314000
2314000
2314000
2314000
2314000
2314000
2310400
2310400
2310040
2310004
2310040
2310004
2310400
2310400
2310040
2310004
2310040
2310004
2310400
2310400
2310040
2310004
2310040
2310004
2341000
2341000
2341000
2341000
2341000
2341000
2340100
2340100
2340010
2340001
2340010
2340001
2340100
2340100
2340010
2340001
2340010
2340001
2340100
2340100
2340010
2340001
2340010
2340001
2301400
2301400
2301040
2301004
2301040
2301004
2304100
2304100
2304010
2304001
2304010
2304001
2300140
2300104
2300410
2300401
2300014
2300041
2300140
2300104
2300410
2300401
2300014
2300041
2301400
2301400
2301040
2301004
2301040
2301004
2304100
2304100
2304010
2304001
2304010
2304001
2300140
2300104
2300410
2300401
2300014
2300041
2300140
2300104
2300410
2300401
2300014
2300041
2301400
2301400
2301040
2301004
2301040
2301004
2304100
2304100
2304010
2304001
2304010
2304001
2300140
2300104
2300410
2300401
2300014
2300041
2300140
2300104
2300410
2300401
2300014
2300041
2413000
2413000
2413000
2413000
2413000
2413000
2410300
2410300
2410030
2410003
2410030
2410003
2410300
2410300
2410030
2410003
2410030
2410003
2410300
2410300
2410030
2410003
2410030
2410003
2431000
2431000
2431000
2431000
2431000
2431000
2430100
2430100
2430010
2430001
2430010
2430001
2430100
2430100
2430010
2430001
2430010
2430001
2430100
2430100
2430010
2430001
2430010
2430001
2401300
2401300
2401030
2401003
2401030
2401003
2403100
2403100
2403010
2403001
2403010
2403001
2400130
2400103
2400310
2400301
2400013
2400031
2400130
2400103
2400310
2400301
2400013
2400031
2401300
2401300
2401030
2401003
2401030
2401003
2403100
2403100
2403010
2403001
2403010
2403001
2400130
2400103
2400310
2400301
2400013
2400031
2400130
2400103
2400310
2400301
2400013
2400031
2401300
2401300
2401030
2401003
2401030
2401003
2403100
2403100
2403010
2403001
2403010
2403001
2400130
2400103
2400310
2400301
2400013
2400031
2400130
2400103
2400310
2400301
2400013
2400031
2013400
2013400
2013040
2013004
2013040
2013004
2014300
2014300
2014030
2014003
2014030
2014003
2010340
2010304
2010430
2010403
2010034
2010043
2010340
2010304
2010430
2010403
2010034
2010043
2031400
2031400
2031040
2031004
2031040
2031004
2034100
2034100
2034010
2034001
2034010
2034001
2030140
2030104
2030410
2030401
2030014
2030041
2030140
2030104
2030410
2030401
2030014
2030041
2041300
2041300
2041030
2041003
2041030
2041003
2043100
2043100
2043010
2043001
2043010
2043001
2040130
2040103
2040310
2040301
2040013
2040031
2040130
2040103
2040310
2040301
2040013
2040031
2001340
2001304
2001430
2001403
2001034
2001043
2003140
2003104
2003410
2003401
2003014
2003041
2004130
2004103
2004310
2004301
2004013
2004031
2000134
2000143
2000314
2000341
2000413
2000431
2001340
2001304
2001430
2001403
2001034
2001043
2003140
2003104
2003410
2003401
2003014
2003041
2004130
2004103
2004310
2004301
2004013
2004031
2000134
2000143
2000314
2000341
2000413
2000431
2013400
2013400
2013040
2013004
2013040
2013004
2014300
2014300
2014030
2014003
2014030
2014003
2010340
2010304
2010430
2010403
2010034
2010043
2010340
2010304
2010430
2010403
2010034
2010043
2031400
2031400
2031040
2031004
2031040
2031004
2034100
2034100
2034010
2034001
2034010
2034001
2030140
2030104
2030410
2030401
2030014
2030041
2030140
2030104
2030410
2030401
2030014
2030041
2041300
2041300
2041030
2041003
2041030
2041003
2043100
2043100
2043010
2043001
2043010
2043001
2040130
2040103
2040310
2040301
2040013
2040031
2040130
2040103
2040310
2040301
2040013
2040031
2001340
2001304
2001430
2001403
2001034
2001043
2003140
2003104
2003410
2003401
2003014
2003041
2004130
2004103
2004310
2004301
2004013
2004031
2000134
2000143
2000314
2000341
2000413
2000431
2001340
2001304
2001430
2001403
2001034
2001043
2003140
2003104
2003410
2003401
2003014
2003041
2004130
2004103
2004310
2004301
2004013
2004031
2000134
2000143
2000314
2000341
2000413
2000431
2013400
2013400
2013040
2013004
2013040
2013004
2014300
2014300
2014030
2014003
2014030
2014003
2010340
2010304
2010430
2010403
2010034
2010043
2010340
2010304
2010430
2010403
2010034
2010043
2031400
2031400
2031040
2031004
2031040
2031004
2034100
2034100
2034010
2034001
2034010
2034001
2030140
2030104
2030410
2030401
2030014
2030041
2030140
2030104
2030410
2030401
2030014
2030041
2041300
2041300
2041030
2041003
2041030
2041003
2043100
2043100
2043010
2043001
2043010
2043001
2040130
2040103
2040310
2040301
2040013
2040031
2040130
2040103
2040310
2040301
2040013
2040031
2001340
2001304
2001430
2001403
2001034
2001043
2003140
2003104
2003410
2003401
2003014
2003041
2004130
2004103
2004310
2004301
2004013
2004031
2000134
2000143
2000314
2000341
2000413
2000431
2001340
2001304
2001430
2001403
2001034
2001043
2003140
2003104
2003410
2003401
2003014
2003041
2004130
2004103
2004310
2004301
2004013
2004031
2000134
2000143
2000314
2000341
2000413
2000431
3124000
3124000
3124000
3124000
3124000
3124000
3120400
3120400
3120040
3120004
3120040
3120004
3120400
3120400
3120040
3120004
3120040
3120004
3120400
3120400
3120040
3120004
3120040
3120004
3142000
3142000
3142000
3142000
3142000
3142000
3140200
3140200
3140020
3140002
3140020
3140002
3140200
3140200
3140020
3140002
3140020
3140002
3140200
3140200
3140020
3140002
3140020
3140002
3102400
3102400
3102040
3102004
3102040
3102004
3104200
3104200
3104020
3104002
3104020
3104002
3100240
3100204
3100420
3100402
3100024
3100042
3100240
3100204
3100420
3100402
3100024
3100042
3102400
3102400
3102040
3102004
3102040
3102004
3104200
3104200
3104020
3104002
3104020
3104002
3100240
3100204
3100420
3100402
3100024
3100042
3100240
3100204
3100420
3100402
3100024
3100042
3102400
3102400
3102040
3102004
3102040
3102004
3104200
3104200
3104020
3104002
3104020
3104002
3100240
3100204
3100420
3100402
3100024
3100042
3100240
3100204
3100420
3100402
3100024
3100042
3214000
3214000
3214000
3214000
3214000
3214000
3210400
3210400
3210040
3210004
3210040
3210004
3210400
3210400
3210040
3210004
3210040
3210004
3210400
3210400
3210040
3210004
3210040
3210004
3241000
3241000
3241000
3241000
3241000
3241000
3240100
3240100
3240010
3240001
3240010
3240001
3240100
3240100
3240010
3240001
3240010
3240001
3240100
3240100
3240010
3240001
3240010
3240001
3201400
3201400
3201040
3201004
3201040
3201004
3204100
3204100
3204010
3204001
3204010
3204001
3200140
3200104
3200410
3200401
3200014
3200041
3200140
3200104
3200410
3200401
3200014
3200041
3201400
3201400
3201040
3201004
3201040
3201004
3204100
3204100
3204010
3204001
3204010
3204001
3200140
3200104
3200410
3200401
3200014
3200041
3200140
3200104
3200410
3200401
3200014
3200041
3201400
3201400
3201040
3201004
3201040
3201004
3204100
3204100
3204010
3204001
3204010
3204001
3200140
3200104
3200410
3200401
3200014
3200041
3200140
3200104
3200410
3200401
3200014
3200041
3412000
3412000
3412000
3412000
3412000
3412000
3410200
3410200
3410020
3410002
3410020
3410002
3410200
3410200
3410020
3410002
3410020
3410002
3410200
3410200
3410020
3410002
3410020
3410002
3421000
3421000
3421000
3421000
3421000
3421000
3420100
3420100
3420010
3420001
3420010
3420001
3420100
3420100
3420010
3420001
3420010
3420001
3420100
3420100
3420010
3420001
3420010
3420001
3401200
3401200
3401020
3401002
3401020
3401002
3402100
3402100
3402010
3402001
3402010
3402001
3400120
3400102
3400210
3400201
3400012
3400021
3400120
3400102
3400210
3400201
3400012
3400021
3401200
3401200
3401020
3401002
3401020
3401002
3402100
3402100
3402010
3402001
3402010
3402001
3400120
3400102
3400210
3400201
3400012
3400021
3400120
3400102
3400210
3400201
3400012
3400021
3401200
3401200
3401020
3401002
3401020
3401002
3402100
3402100
3402010
3402001
3402010
3402001
3400120
3400102
3400210
3400201
3400012
3400021
3400120
3400102
3400210
3400201
3400012
3400021
3012400
3012400
3012040
3012004
3012040
3012004
3014200
3014200
3014020
3014002
3014020
3014002
3010240
3010204
3010420
3010402
3010024
3010042
3010240
3010204
3010420
3010402
3010024
3010042
3021400
3021400
3021040
3021004
3021040
3021004
3024100
3024100
3024010
3024001
3024010
3024001
3020140
3020104
3020410
3020401
3020014
3020041
3020140
3020104
3020410
3020401
3020014
3020041
3041200
3041200
3041020
3041002
3041020
3041002
3042100
3042100
3042010
3042001
3042010
3042001
3040120
3040102
3040210
3040201
3040012
3040021
3040120
3040102
3040210
3040201
3040012
3040021
3001240
3001204
3001420
3001402
3001024
3001042
3002140
3002104
3002410
3002401
3002014
3002041
3004120
3004102
3004210
3004201
3004012
3004021
3000124
3000142
3000214
3000241
3000412
3000421
3001240
3001204
3001420
3001402
3001024
3001042
3002140
3002104
3002410
3002401
3002014
3002041
3004120
3004102
3004210
3004201
3004012
3004021
3000124
3000142
3000214
3000241
3000412
3000421
3012400
3012400
3012040
3012004
3012040
3012004
3014200
3014200
3014020
3014002
3014020
3014002
3010240
3010204
3010420
3010402
3010024
3010042
3010240
3010204
3010420
3010402
3010024
3010042
3021400
3021400
3021040
3021004
3021040
3021004
3024100
3024100
3024010
3024001
3024010
3024001
3020140
3020104
3020410
3020401
3020014
3020041
3020140
3020104
3020410
3020401
3020014
3020041
3041200
3041200
3041020
3041002
3041020
3041002
3042100
3042100
3042010
3042001
3042010
3042001
3040120
3040102
3040210
3040201
3040012
3040021
3040120
3040102
3040210
3040201
3040012
3040021
3001240
3001204
3001420
3001402
3001024
3001042
3002140
3002104
3002410
3002401
3002014
3002041
3004120
3004102
3004210
3004201
3004012
3004021
3000124
3000142
3000214
3000241
3000412
3000421
3001240
3001204
3001420
3001402
3001024
3001042
3002140
3002104
3002410
3002401
3002014
3002041
3004120
3004102
3004210
3004201
3004012
3004021
3000124
3000142
3000214
3000241
3000412
3000421
3012400
3012400
3012040
3012004
3012040
3012004
3014200
3014200
3014020
3014002
3014020
3014002
3010240
3010204
3010420
3010402
3010024
3010042
3010240
3010204
3010420
3010402
3010024
3010042
3021400
3021400
3021040
3021004
3021040
3021004
3024100
3024100
3024010
3024001
3024010
3024001
3020140
3020104
3020410
3020401
3020014
3020041
3020140
3020104
3020410
3020401
3020014
3020041
3041200
3041200
3041020
3041002
3041020
3041002
3042100
3042100
3042010
3042001
3042010
3042001
3040120
3040102
3040210
3040201
3040012
3040021
3040120
3040102
3040210
3040201
3040012
3040021
3001240
3001204
3001420
3001402
3001024
3001042
3002140
3002104
3002410
3002401
3002014
3002041
3004120
3004102
3004210
3004201
3004012
3004021
3000124
3000142
3000214
3000241
3000412
3000421
3001240
3001204
3001420
3001402
3001024
3001042
3002140
3002104
3002410
3002401
3002014
3002041
3004120
3004102
3004210
3004201
3004012
3004021
3000124
3000142
3000214
3000241
3000412
3000421
4123000
4123000
4123000
4123000
4123000
4123000
4120300
4120300
4120030
4120003
4120030
4120003
4120300
4120300
4120030
4120003
4120030
4120003
4120300
4120300
4120030
4120003
4120030
4120003
4132000
4132000
4132000
4132000
4132000
4132000
4130200
4130200
4130020
4130002
4130020
4130002
4130200
4130200
4130020
4130002
4130020
4130002
4130200
4130200
4130020
4130002
4130020
4130002
4102300
4102300
4102030
4102003
4102030
4102003
4103200
4103200
4103020
4103002
4103020
4103002
4100230
4100203
4100320
4100302
4100023
4100032
4100230
4100203
4100320
4100302
4100023
4100032
4102300
4102300
4102030
4102003
4102030
4102003
4103200
4103200
4103020
4103002
4103020
4103002
4100230
4100203
4100320
4100302
4100023
4100032
4100230
4100203
4100320
4100302
4100023
4100032
4102300
4102300
4102030
4102003
4102030
4102003
4103200
4103200
4103020
4103002
4103020
4103002
4100230
4100203
4100320
4100302
4100023
4100032
4100230
4100203
4100320
4100302
4100023
4100032
4213000
4213000
4213000
4213000
4213000
4213000
4210300
4210300
4210030
4210003
4210030
4210003
4210300
4210300
4210030
4210003
4210030
4210003
4210300
4210300
4210030
4210003
4210030
4210003
4231000
4231000
4231000
4231000
4231000
4231000
4230100
4230100
4230010
4230001
4230010
4230001
4230100
4230100
4230010
4230001
4230010
4230001
4230100
4230100
4230010
4230001
4230010
4230001
4201300
4201300
4201030
4201003
4201030
4201003
4203100
4203100
4203010
4203001
4203010
4203001
4200130
4200103
4200310
4200301
4200013
4200031
4200130
4200103
4200310
4200301
4200013
4200031
4201300
4201300
4201030
4201003
4201030
4201003
4203100
4203100
4203010
4203001
4203010
4203001
4200130
4200103
4200310
4200301
4200013
4200031
4200130
4200103
4200310
4200301
4200013
4200031
4201300
4201300
4201030
4201003
4201030
4201003
4203100
4203100
4203010
4203001
4203010
4203001
4200130
4200103
4200310
4200301
4200013
4200031
4200130
4200103
4200310
4200301
4200013
4200031
4312000
4312000
4312000
4312000
4312000
4312000
4310200
4310200
4310020
4310002
4310020
4310002
4310200
4310200
4310020
4310002
4310020
4310002
4310200
4310200
4310020
4310002
4310020
4310002
4321000
4321000
4321000
4321000
4321000
4321000
4320100
4320100
4320010
4320001
4320010
4320001
4320100
4320100
4320010
4320001
4320010
4320001
4320100
4320100
4320010
4320001
4320010
4320001
4301200
4301200
4301020
4301002
4301020
4301002
4302100
4302100
4302010
4302001
4302010
4302001
4300120
4300102
4300210
4300201
4300012
4300021
4300120
4300102
4300210
4300201
4300012
4300021
4301200
4301200
4301020
4301002
4301020
4301002
4302100
4302100
4302010
4302001
4302010
4302001
4300120
4300102
4300210
4300201
4300012
4300021
4300120
4300102
4300210
4300201
4300012
4300021
4301200
4301200
4301020
4301002
4301020
4301002
4302100
4302100
4302010
4302001
4302010
4302001
4300120
4300102
4300210
4300201
4300012
4300021
4300120
4300102
4300210
4300201
4300012
4300021
4012300
4012300
4012030
4012003
4012030
4012003
4013200
4013200
4013020
4013002
4013020
4013002
4010230
4010203
4010320
4010302
4010023
4010032
4010230
4010203
4010320
4010302
4010023
4010032
4021300
4021300
4021030
4021003
4021030
4021003
4023100
4023100
4023010
4023001
4023010
4023001
4020130
4020103
4020310
4020301
4020013
4020031
4020130
4020103
4020310
4020301
4020013
4020031
4031200
4031200
4031020
4031002
4031020
4031002
4032100
4032100
4032010
4032001
4032010
4032001
4030120
4030102
4030210
4030201
4030012
4030021
4030120
4030102
4030210
4030201
4030012
4030021
4001230
4001203
4001320
4001302
4001023
4001032
4002130
4002103
4002310
4002301
4002013
4002031
4003120
4003102
4003210
4003201
4003012
4003021
4000123
4000132
4000213
4000231
4000312
4000321
4001230
4001203
4001320
4001302
4001023
4001032
4002130
4002103
4002310
4002301
4002013
4002031
4003120
4003102
4003210
4003201
4003012
4003021
4000123
4000132
4000213
4000231
4000312
4000321
4012300
4012300
4012030
4012003
4012030
4012003
4013200
4013200
4013020
4013002
4013020
4013002
4010230
4010203
4010320
4010302
4010023
4010032
4010230
4010203
4010320
4010302
4010023
4010032
4021300
4021300
4021030
4021003
4021030
4021003
4023100
4023100
4023010
4023001
4023010
4023001
4020130
4020103
4020310
4020301
4020013
4020031
4020130
4020103
4020310
4020301
4020013
4020031
4031200
4031200
4031020
4031002
4031020
4031002
4032100
4032100
4032010
4032001
4032010
4032001
4030120
4030102
4030210
4030201
4030012
4030021
4030120
4030102
4030210
4030201
4030012
4030021
4001230
4001203
4001320
4001302
4001023
4001032
4002130
4002103
4002310
4002301
4002013
4002031
4003120
4003102
4003210
4003201
4003012
4003021
4000123
4000132
4000213
4000231
4000312
4000321
4001230
4001203
4001320
4001302
4001023
4001032
4002130
4002103
4002310
4002301
4002013
4002031
4003120
4003102
4003210
4003201
4003012
4003021
4000123
4000132
4000213
4000231
4000312
4000321
4012300
4012300
4012030
4012003
4012030
4012003
4013200
4013200
4013020
4013002
4013020
4013002
4010230
4010203
4010320
4010302
4010023
4010032
4010230
4010203
4010320
4010302
4010023
4010032
4021300
4021300
4021030
4021003
4021030
4021003
4023100
4023100
4023010
4023001
4023010
4023001
4020130
4020103
4020310
4020301
4020013
4020031
4020130
4020103
4020310
4020301
4020013
4020031
4031200
4031200
4031020
4031002
4031020
4031002
4032100
4032100
4032010
4032001
4032010
4032001
4030120
4030102
4030210
4030201
4030012
4030021
4030120
4030102
4030210
4030201
4030012
4030021
4001230
4001203
4001320
4001302
4001023
4001032
4002130
4002103
4002310
4002301
4002013
4002031
4003120
4003102
4003210
4003201
4003012
4003021
4000123
4000132
4000213
4000231
4000312
4000321
4001230
4001203
4001320
4001302
4001023
4001032
4002130
4002103
4002310
4002301
4002013
4002031
4003120
4003102
4003210
4003201
4003012
4003021
4000123
4000132
4000213
4000231
4000312
4000321
0123400
0123400
0123040
0123004
0123040
0123004
0124300
0124300
0124030
0124003
0124030
0124003
0120340
0120304
0120430
0120403
0120034
0120043
0120340
0120304
0120430
0120403
0120034
0120043
0132400
0132400
0132040
0132004
0132040
0132004
0134200
0134200
0134020
0134002
0134020
0134002
0130240
0130204
0130420
0130402
0130024
0130042
0130240
0130204
0130420
0130402
0130024
0130042
0142300
0142300
0142030
0142003
0142030
0142003
0143200
0143200
0143020
0143002
0143020
0143002
0140230
0140203
0140320
0140302
0140023
0140032
0140230
0140203
0140320
0140302
0140023
0140032
0102340
0102304
0102430
0102403
0102034
0102043
0103240
0103204
0103420
0103402
0103024
0103042
0104230
0104203
0104320
0104302
0104023
0104032
0100234
0100243
0100324
0100342
0100423
0100432
0102340
0102304
0102430
0102403
0102034
0102043
0103240
0103204
0103420
0103402
0103024
0103042
0104230
0104203
0104320
0104302
0104023
0104032
0100234
0100243
0100324
0100342
0100423
0100432
0213400
0213400
0213040
0213004
0213040
0213004
0214300
0214300
0214030
0214003
0214030
0214003
0210340
0210304
0210430
0210403
0210034
0210043
0210340
0210304
0210430
0210403
0210034
0210043
0231400
0231400
0231040
0231004
0231040
0231004
0234100
0234100
0234010
0234001
0234010
0234001
0230140
0230104
0230410
0230401
0230014
0230041
0230140
0230104
0230410
0230401
0230014
0230041
0241300
0241300
0241030
0241003
0241030
0241003
0243100
0243100
0243010
0243001
0243010
0243001
0240130
0240103
0240310
0240301
0240013
0240031
0240130
0240103
0240310
0240301
0240013
0240031
0201340
0201304
0201430
0201403
0201034
0201043
0203140
0203104
0203410
0203401
0203014
0203041
0204130
0204103
0204310
0204301
0204013
0204031
0200134
0200143
0200314
0200341
0200413
0200431
0201340
0201304
0201430
0201403
0201034
0201043
0203140
0203104
0203410
0203401
0203014
0203041
0204130
0204103
0204310
0204301
0204013
0204031
0200134
0200143
0200314
0200341
0200413
0200431
0312400
0312400
0312040
0312004
0312040
0312004
0314200
0314200
0314020
0314002
0314020
0314002
0310240
0310204
0310420
0310402
0310024
0310042
0310240
0310204
0310420
0310402
0310024
0310042
0321400
0321400
0321040
0321004
0321040
0321004
0324100
0324100
0324010
0324001
0324010
0324001
0320140
0320104
0320410
0320401
0320014
0320041
0320140
0320104
0320410
0320401
0320014
0320041
0341200
0341200
0341020
0341002
0341020
0341002
0342100
0342100
0342010
0342001
0342010
0342001
0340120
0340102
0340210
0340201
0340012
0340021
0340120
0340102
0340210
0340201
0340012
0340021
0301240
0301204
0301420
0301402
0301024
0301042
0302140
0302104
0302410
0302401
0302014
0302041
0304120
0304102
0304210
0304201
0304012
0304021
0300124
0300142
0300214
0300241
0300412
0300421
0301240
0301204
0301420
0301402
0301024
0301042
0302140
0302104
0302410
0302401
0302014
0302041
0304120
0304102
0304210
0304201
0304012
0304021
0300124
0300142
0300214
0300241
0300412
0300421
0412300
0412300
0412030
0412003
0412030
0412003
0413200
0413200
0413020
0413002
0413020
0413002
0410230
0410203
0410320
0410302
0410023
0410032
0410230
0410203
0410320
0410302
0410023
0410032
0421300
0421300
0421030
0421003
0421030
0421003
0423100
0423100
0423010
0423001
0423010
0423001
0420130
0420103
0420310
0420301
0420013
0420031
0420130
0420103
0420310
0420301
0420013
0420031
0431200
0431200
0431020
0431002
0431020
0431002
0432100
0432100
0432010
0432001
0432010
0432001
0430120
0430102
0430210
0430201
0430012
0430021
0430120
0430102
0430210
0430201
0430012
0430021
0401230
0401203
0401320
0401302
0401023
0401032
0402130
0402103
0402310
0402301
0402013
0402031
0403120
0403102
0403210
0403201
0403012
0403021
0400123
0400132
0400213
0400231
0400312
0400321
0401230
0401203
0401320
0401302
0401023
0401032
0402130
0402103
0402310
0402301
0402013
0402031
0403120
0403102
0403210
0403201
0403012
0403021
0400123
0400132
0400213
0400231
0400312
0400321
0012340
0012304
0012430
0012403
0012034
0012043
0013240
0013204
0013420
0013402
0013024
0013042
0014230
0014203
0014320
0014302
0014023
0014032
0010234
0010243
0010324
0010342
0010423
0010432
0021340
0021304
0021430
0021403
0021034
0021043
0023140
0023104
0023410
0023401
0023014
0023041
0024130
0024103
0024310
0024301
0024013
0024031
0020134
0020143
0020314
0020341
0020413
0020431
0031240
0031204
0031420
0031402
0031024
0031042
0032140
0032104
0032410
0032401
0032014
0032041
0034120
0034102
0034210
0034201
0034012
0034021
0030124
0030142
0030214
0030241
0030412
0030421
0041230
0041203
0041320
0041302
0041023
0041032
0042130
0042103
0042310
0042301
0042013
0042031
0043120
0043102
0043210
0043201
0043012
0043021
0040123
0040132
0040213
0040231
0040312
0040321
0001234
0001243
0001324
0001342
0001423
0001432
0002134
0002143
0002314
0002341
0002413
0002431
0003124
0003142
0003214
0003241
0003412
0003421
0004123
0004132
0004213
0004231
0004312
0004321
0012340
0012304
0012430
0012403
0012034
0012043
0013240
0013204
0013420
0013402
0013024
0013042
0014230
0014203
0014320
0014302
0014023
0014032
0010234
0010243
0010324
0010342
0010423
0010432
0021340
0021304
0021430
0021403
0021034
0021043
0023140
0023104
0023410
0023401
0023014
0023041
0024130
0024103
0024310
0024301
0024013
0024031
0020134
0020143
0020314
0020341
0020413
0020431
0031240
0031204
0031420
0031402
0031024
0031042
0032140
0032104
0032410
0032401
0032014
0032041
0034120
0034102
0034210
0034201
0034012
0034021
0030124
0030142
0030214
0030241
0030412
0030421
0041230
0041203
0041320
0041302
0041023
0041032
0042130
0042103
0042310
0042301
0042013
0042031
0043120
0043102
0043210
0043201
0043012
0043021
0040123
0040132
0040213
0040231
0040312
0040321
0001234
0001243
0001324
0001342
0001423
0001432
0002134
0002143
0002314
0002341
0002413
0002431
0003124
0003142
0003214
0003241
0003412
0003421
0004123
0004132
0004213
0004231
0004312
0004321
0123400
0123400
0123040
0123004
0123040
0123004
0124300
0124300
0124030
0124003
0124030
0124003
0120340
0120304
0120430
0120403
0120034
0120043
0120340
0120304
0120430
0120403
0120034
0120043
0132400
0132400
0132040
0132004
0132040
0132004
0134200
0134200
0134020
0134002
0134020
0134002
0130240
0130204
0130420
0130402
0130024
0130042
0130240
0130204
0130420
0130402
0130024
0130042
0142300
0142300
0142030
0142003
0142030
0142003
0143200
0143200
0143020
0143002
0143020
0143002
0140230
0140203
0140320
0140302
0140023
0140032
0140230
0140203
0140320
0140302
0140023
0140032
0102340
0102304
0102430
0102403
0102034
0102043
0103240
0103204
0103420
0103402
0103024
0103042
0104230
0104203
0104320
0104302
0104023
0104032
0100234
0100243
0100324
0100342
0100423
0100432
0102340
0102304
0102430
0102403
0102034
0102043
0103240
0103204
0103420
0103402
0103024
0103042
0104230
0104203
0104320
0104302
0104023
0104032
0100234
0100243
0100324
0100342
0100423
0100432
0213400
0213400
0213040
0213004
0213040
0213004
0214300
0214300
0214030
0214003
0214030
0214003
0210340
0210304
0210430
0210403
0210034
0210043
0210340
0210304
0210430
0210403
0210034
0210043
0231400
0231400
0231040
0231004
0231040
0231004
0234100
0234100
0234010
0234001
0234010
0234001
0230140
0230104
0230410
0230401
0230014
0230041
0230140
0230104
0230410
0230401
0230014
0230041
0241300
0241300
0241030
0241003
0241030
0241003
0243100
0243100
0243010
0243001
0243010
0243001
0240130
0240103
0240310
0240301
0240013
0240031
0240130
0240103
0240310
0240301
0240013
0240031
0201340
0201304
0201430
0201403
0201034
0201043
0203140
0203104
0203410
0203401
0203014
0203041
0204130
0204103
0204310
0204301
0204013
0204031
0200134
0200143
0200314
0200341
0200413
0200431
0201340
0201304
0201430
0201403
0201034
0201043
0203140
0203104
0203410
0203401
0203014
0203041
0204130
0204103
0204310
0204301
0204013
0204031
0200134
0200143
0200314
0200341
0200413
0200431
0312400
0312400
0312040
0312004
0312040
0312004
0314200
0314200
0314020
0314002
0314020
0314002
0310240
0310204
0310420
0310402
0310024
0310042
0310240
0310204
0310420
0310402
0310024
0310042
0321400
0321400
0321040
0321004
0321040
0321004
0324100
0324100
0324010
0324001
0324010
0324001
0320140
0320104
0320410
0320401
0320014
0320041
0320140
0320104
0320410
0320401
0320014
0320041
0341200
0341200
0341020
0341002
0341020
0341002
0342100
0342100
0342010
0342001
0342010
0342001
0340120
0340102
0340210
0340201
0340012
0340021
0340120
0340102
0340210
0340201
0340012
0340021
0301240
0301204
0301420
0301402
0301024
0301042
0302140
0302104
0302410
0302401
0302014
0302041
0304120
0304102
0304210
0304201
0304012
0304021
0300124
0300142
0300214
0300241
0300412
0300421
0301240
0301204
0301420
0301402
0301024
0301042
0302140
0302104
0302410
0302401
0302014
0302041
0304120
0304102
0304210
0304201
0304012
0304021
0300124
0300142
0300214
0300241
0300412
0300421
0412300
0412300
0412030
0412003
0412030
0412003
0413200
0413200
0413020
0413002
0413020
0413002
0410230
0410203
0410320
0410302
0410023
0410032
0410230
0410203
0410320
0410302
0410023
0410032
0421300
0421300
0421030
0421003
0421030
0421003
0423100
0423100
0423010
0423001
0423010
0423001
0420130
0420103
0420310
0420301
0420013
0420031
0420130
0420103
0420310
0420301
0420013
0420031
0431200
0431200
0431020
0431002
0431020
0431002
0432100
0432100
0432010
0432001
0432010
0432001
0430120
0430102
0430210
0430201
0430012
0430021
0430120
0430102
0430210
0430201
0430012
0430021
0401230
0401203
0401320
0401302
0401023
0401032
0402130
0402103
0402310
0402301
0402013
0402031
0403120
0403102
0403210
0403201
0403012
0403021
0400123
0400132
0400213
0400231
0400312
0400321
0401230
0401203
0401320
0401302
0401023
0401032
0402130
0402103
0402310
0402301
0402013
0402031
0403120
0403102
0403210
0403201
0403012
0403021
0400123
0400132
0400213
0400231
0400312
0400321
0012340
0012304
0012430
0012403
0012034
0012043
0013240
0013204
0013420
0013402
0013024
0013042
0014230
0014203
0014320
0014302
0014023
0014032
0010234
0010243
0010324
0010342
0010423
0010432
0021340
0021304
0021430
0021403
0021034
0021043
0023140
0023104
0023410
0023401
0023014
0023041
0024130
0024103
0024310
0024301
0024013
0024031
0020134
0020143
0020314
0020341
0020413
0020431
0031240
0031204
0031420
0031402
0031024
0031042
0032140
0032104
0032410
0032401
0032014
0032041
0034120
0034102
0034210
0034201
0034012
0034021
0030124
0030142
0030214
0030241
0030412
0030421
0041230
0041203
0041320
0041302
0041023
0041032
0042130
0042103
0042310
0042301
0042013
0042031
0043120
0043102
0043210
0043201
0043012
0043021
0040123
0040132
0040213
0040231
0040312
0040321
0001234
0001243
0001324
0001342
0001423
0001432
0002134
0002143
0002314
0002341
0002413
0002431
0003124
0003142
0003214
0003241
0003412
0003421
0004123
0004132
0004213
0004231
0004312
0004321
0012340
0012304
0012430
0012403
0012034
0012043
0013240
0013204
0013420
0013402
0013024
0013042
0014230
0014203
0014320
0014302
0014023
0014032
0010234
0010243
0010324
0010342
0010423
0010432
0021340
0021304
0021430
0021403
0021034
0021043
0023140
0023104
0023410
0023401
0023014
0023041
0024130
0024103
0024310
0024301
0024013
0024031
0020134
0020143
0020314
0020341
0020413
0020431
0031240
0031204
0031420
0031402
0031024
0031042
0032140
0032104
0032410
0032401
0032014
0032041
0034120
0034102
0034210
0034201
0034012
0034021
0030124
0030142
0030214
0030241
0030412
0030421
0041230
0041203
0041320
0041302
0041023
0041032
0042130
0042103
0042310
0042301
0042013
0042031
0043120
0043102
0043210
0043201
0043012
0043021
0040123
0040132
0040213
0040231
0040312
0040321
0001234
0001243
0001324
0001342
0001423
0001432
0002134
0002143
0002314
0002341
0002413
0002431
0003124
0003142
0003214
0003241
0003412
0003421
0004123
0004132
0004213
0004231
0004312
0004321
0123400
0123400
0123040
0123004
0123040
0123004
0124300
0124300
0124030
0124003
0124030
0124003
0120340
0120304
0120430
0120403
0120034
0120043
0120340
0120304
0120430
0120403
0120034
0120043
0132400
0132400
0132040
0132004
0132040
0132004
0134200
0134200
0134020
0134002
0134020
0134002
0130240
0130204
0130420
0130402
0130024
0130042
0130240
0130204
0130420
0130402
0130024
0130042
0142300
0142300
0142030
0142003
0142030
0142003
0143200
0143200
0143020
0143002
0143020
0143002
0140230
0140203
0140320
0140302
0140023
0140032
0140230
0140203
0140320
0140302
0140023
0140032
0102340
0102304
0102430
0102403
0102034
0102043
0103240
0103204
0103420
0103402
0103024
0103042
0104230
0104203
0104320
0104302
0104023
0104032
0100234
0100243
0100324
0100342
0100423
0100432
0102340
0102304
0102430
0102403
0102034
0102043
0103240
0103204
0103420
0103402
0103024
0103042
0104230
0104203
0104320
0104302
0104023
0104032
0100234
0100243
0100324
0100342
0100423
0100432
0213400
0213400
0213040
0213004
0213040
0213004
0214300
0214300
0214030
0214003
0214030
0214003
0210340
0210304
0210430
0210403
0210034
0210043
0210340
0210304
0210430
0210403
0210034
0210043
0231400
0231400
0231040
0231004
0231040
0231004
0234100
0234100
0234010
0234001
0234010
0234001
0230140
0230104
0230410
0230401
0230014
0230041
0230140
0230104
0230410
0230401
0230014
0230041
0241300
0241300
0241030
0241003
0241030
0241003
0243100
0243100
0243010
0243001
0243010
0243001
0240130
0240103
0240310
0240301
0240013
0240031
0240130
0240103
0240310
0240301
0240013
0240031
0201340
0201304
0201430
0201403
0201034
0201043
0203140
0203104
0203410
0203401
0203014
0203041
0204130
0204103
0204310
0204301
0204013
0204031
0200134
0200143
0200314
0200341
0200413
0200431
0201340
0201304
0201430
0201403
0201034
0201043
0203140
0203104
0203410
0203401
0203014
0203041
0204130
0204103
0204310
0204301
0204013
0204031
0200134
0200143
0200314
0200341
0200413
0200431
0312400
0312400
0312040
0312004
0312040
0312004
0314200
0314200
0314020
0314002
0314020
0314002
0310240
0310204
0310420
0310402
0310024
0310042
0310240
0310204
0310420
0310402
0310024
0310042
0321400
0321400
0321040
0321004
0321040
0321004
0324100
0324100
0324010
0324001
0324010
0324001
0320140
0320104
0320410
0320401
0320014
0320041
0320140
0320104
0320410
0320401
0320014
0320041
0341200
0341200
0341020
0341002
0341020
0341002
0342100
0342100
0342010
0342001
0342010
0342001
0340120
0340102
0340210
0340201
0340012
0340021
0340120
0340102
0340210
0340201
0340012
0340021
0301240
0301204
0301420
0301402
0301024
0301042
0302140
0302104
0302410
0302401
0302014
0302041
0304120
0304102
0304210
0304201
0304012
0304021
0300124
0300142
0300214
0300241
0300412
0300421
0301240
0301204
0301420
0301402
0301024
0301042
0302140
0302104
0302410
0302401
0302014
0302041
0304120
0304102
0304210
0304201
0304012
0304021
0300124
0300142
0300214
0300241
0300412
0300421
0412300
0412300
0412030
0412003
0412030
0412003
0413200
0413200
0413020
0413002
0413020
0413002
0410230
0410203
0410320
0410302
0410023
0410032
0410230
0410203
0410320
0410302
0410023
0410032
0421300
0421300
0421030
0421003
0421030
0421003
0423100
0423100
0423010
0423001
0423010
0423001
0420130
0420103
0420310
0420301
0420013
0420031
0420130
0420103
0420310
0420301
0420013
0420031
0431200
0431200
0431020
0431002
0431020
0431002
0432100
0432100
0432010
0432001
0432010
0432001
0430120
0430102
0430210
0430201
0430012
0430021
0430120
0430102
0430210
0430201
0430012
0430021
0401230
0401203
0401320
0401302
0401023
0401032
0402130
0402103
0402310
0402301
0402013
0402031
0403120
0403102
0403210
0403201
0403012
0403021
0400123
0400132
0400213
0400231
0400312
0400321
0401230
0401203
0401320
0401302
0401023
0401032
0402130
0402103
0402310
0402301
0402013
0402031
0403120
0403102
0403210
0403201
0403012
0403021
0400123
0400132
0400213
0400231
0400312
0400321
0012340
0012304
0012430
0012403
0012034
0012043
0013240
0013204
0013420
0013402
0013024
0013042
0014230
0014203
0014320
0014302
0014023
0014032
0010234
0010243
0010324
0010342
0010423
0010432
0021340
0021304
0021430
0021403
0021034
0021043
0023140
0023104
0023410
0023401
0023014
0023041
0024130
0024103
0024310
0024301
0024013
0024031
0020134
0020143
0020314
0020341
0020413
0020431
0031240
0031204
0031420
0031402
0031024
0031042
0032140
0032104
0032410
0032401
0032014
0032041
0034120
0034102
0034210
0034201
0034012
0034021
0030124
0030142
0030214
0030241
0030412
0030421
0041230
0041203
0041320
0041302
0041023
0041032
0042130
0042103
0042310
0042301
0042013
0042031
0043120
0043102
0043210
0043201
0043012
0043021
0040123
0040132
0040213
0040231
0040312
0040321
0001234
0001243
0001324
0001342
0001423
0001432
0002134
0002143
0002314
0002341
0002413
0002431
0003124
0003142
0003214
0003241
0003412
0003421
0004123
0004132
0004213
0004231
0004312
0004321
0012340
0012304
0012430
0012403
0012034
0012043
0013240
0013204
0013420
0013402
0013024
0013042
0014230
0014203
0014320
0014302
0014023
0014032
0010234
0010243
0010324
0010342
0010423
0010432
0021340
0021304
0021430
0021403
0021034
0021043
0023140
0023104
0023410
0023401
0023014
0023041
0024130
0024103
0024310
0024301
0024013
0024031
0020134
0020143
0020314
0020341
0020413
0020431
0031240
0031204
0031420
0031402
0031024
0031042
0032140
0032104
0032410
0032401
0032014
0032041
0034120
0034102
0034210
0034201
0034012
0034021
0030124
0030142
0030214
0030241
0030412
0030421
0041230
0041203
0041320
0041302
0041023
0041032
0042130
0042103
0042310
0042301
0042013
0042031
0043120
0043102
0043210
0043201
0043012
0043021
0040123
0040132
0040213
0040231
0040312
0040321
0001234
0001243
0001324
0001342
0001423
0001432
0002134
0002143
0002314
0002341
0002413
0002431
0003124
0003142
0003214
0003241
0003412
0003421
0004123
0004132
0004213
0004231
0004312
0004321
