1234500
1234500
1234050
1234005
1234050
1234005
1235400
1235400
1235040
1235004
1235040
1235004
1230450
1230405
1230540
1230504
1230045
1230054
1230450
1230405
1230540
1230504
1230045
1230054
1243500
1243500
1243050
1243005
1243050
1243005
1245300
1245300
1245030
1245003
1245030
1245003
1240350
1240305
1240530
1240503
1240035
1240053
1240350
1240305
1240530
1240503
1240035
1240053
1253400
1253400
1253040
1253004
1253040
1253004
1254300
1254300
1254030
1254003
1254030
1254003
1250340
1250304
1250430
1250403
1250034
1250043
1250340
1250304
1250430
1250403
1250034
1250043
1203450
1203405
1203540
1203504
1203045
1203054
1204350
1204305
1204530
1204503
1204035
1204053
1205340
1205304
1205430
1205403
1205034
1205043
1200345
1200354
1200435
1200453
1200534
1200543
1203450
1203405
1203540
1203504
1203045
1203054
1204350
1204305
1204530
1204503
1204035
1204053
1205340
1205304
1205430
1205403
1205034
1205043
1200345
1200354
1200435
1200453
1200534
1200543
1324500
1324500
1324050
1324005
1324050
1324005
1325400
1325400
1325040
1325004
1325040
1325004
1320450
1320405
1320540
1320504
1320045
1320054
1320450
1320405
1320540
1320504
1320045
1320054
1342500
1342500
1342050
1342005
1342050
1342005
1345200
1345200
1345020
1345002
1345020
1345002
1340250
1340205
1340520
1340502
1340025
1340052
1340250
1340205
1340520
1340502
1340025
1340052
1352400
1352400
1352040
1352004
1352040
1352004
1354200
1354200
1354020
1354002
1354020
1354002
1350240
1350204
1350420
1350402
1350024
1350042
1350240
1350204
1350420
1350402
1350024
1350042
1302450
1302405
1302540
1302504
1302045
1302054
1304250
1304205
1304520
1304502
1304025
1304052
1305240
1305204
1305420
1305402
1305024
1305042
1300245
1300254
1300425
1300452
1300524
1300542
1302450
1302405
1302540
1302504
1302045
1302054
1304250
1304205
1304520
1304502
1304025
1304052
1305240
1305204
1305420
1305402
1305024
1305042
1300245
1300254
1300425
1300452
1300524
1300542
1423500
1423500
1423050
1423005
1423050
1423005
1425300
1425300
1425030
1425003
1425030
1425003
1420350
1420305
1420530
1420503
1420035
1420053
1420350
1420305
1420530
1420503
1420035
1420053
1432500
1432500
1432050
1432005
1432050
1432005
1435200
1435200
1435020
1435002
1435020
1435002
1430250
1430205
1430520
1430502
1430025
1430052
1430250
1430205
1430520
1430502
1430025
1430052
1452300
1452300
1452030
1452003
1452030
1452003
1453200
1453200
1453020
1453002
1453020
1453002
1450230
1450203
1450320
1450302
1450023
1450032
1450230
1450203
1450320
1450302
1450023
1450032
1402350
1402305
1402530
1402503
1402035
1402053
1403250
1403205
1403520
1403502
1403025
1403052
1405230
1405203
1405320
1405302
1405023
1405032
1400235
1400253
1400325
1400352
1400523
1400532
1402350
1402305
1402530
1402503
1402035
1402053
1403250
1403205
1403520
1403502
1403025
1403052
1405230
1405203
1405320
1405302
1405023
1405032
1400235
1400253
1400325
1400352
1400523
1400532
1523400
1523400
1523040
1523004
1523040
1523004
1524300
1524300
1524030
1524003
1524030
1524003
1520340
1520304
1520430
1520403
1520034
1520043
1520340
1520304
1520430
1520403
1520034
1520043
1532400
1532400
1532040
1532004
1532040
1532004
1534200
1534200
1534020
1534002
1534020
1534002
1530240
1530204
1530420
1530402
1530024
1530042
1530240
1530204
1530420
1530402
1530024
1530042
1542300
1542300
1542030
1542003
1542030
1542003
1543200
1543200
1543020
1543002
1543020
1543002
1540230
1540203
1540320
1540302
1540023
1540032
1540230
1540203
1540320
1540302
1540023
1540032
1502340
1502304
1502430
1502403
1502034
1502043
1503240
1503204
1503420
1503402
1503024
1503042
1504230
1504203
1504320
1504302
1504023
1504032
1500234
1500243
1500324
1500342
1500423
1500432
1502340
1502304
1502430
1502403
1502034
1502043
1503240
1503204
1503420
1503402
1503024
1503042
1504230
1504203
1504320
1504302
1504023
1504032
1500234
1500243
1500324
1500342
1500423
1500432
1023450
1023405
1023540
1023504
1023045
1023054
1024350
1024305
1024530
1024503
1024035
1024053
1025340
1025304
1025430
1025403
1025034
1025043
1020345
1020354
1020435
1020453
1020534
1020543
1032450
1032405
1032540
1032504
1032045
1032054
1034250
1034205
1034520
1034502
1034025
1034052
1035240
1035204
1035420
1035402
1035024
1035042
1030245
1030254
1030425
1030452
1030524
1030542
1042350
1042305
1042530
1042503
1042035
1042053
1043250
1043205
1043520
1043502
1043025
1043052
1045230
1045203
1045320
1045302
1045023
1045032
1040235
1040253
1040325
1040352
1040523
1040532
1052340
1052304
1052430
1052403
1052034
1052043
1053240
1053204
1053420
1053402
1053024
1053042
1054230
1054203
1054320
1054302
1054023
1054032
1050234
1050243
1050324
1050342
1050423
1050432
1002345
1002354
1002435
1002453
1002534
1002543
1003245
1003254
1003425
1003452
1003524
1003542
1004235
1004253
1004325
1004352
1004523
1004532
1005234
1005243
1005324
1005342
1005423
1005432
1023450
1023405
1023540
1023504
1023045
1023054
1024350
1024305
1024530
1024503
1024035
1024053
1025340
1025304
1025430
1025403
1025034
1025043
1020345
1020354
1020435
1020453
1020534
1020543
1032450
1032405
1032540
1032504
1032045
1032054
1034250
1034205
1034520
1034502
1034025
1034052
1035240
1035204
1035420
1035402
1035024
1035042
1030245
1030254
1030425
1030452
1030524
1030542
1042350
1042305
1042530
1042503
1042035
1042053
1043250
1043205
1043520
1043502
1043025
1043052
1045230
1045203
1045320
1045302
1045023
1045032
1040235
1040253
1040325
1040352
1040523
1040532
1052340
1052304
1052430
1052403
1052034
1052043
1053240
1053204
1053420
1053402
1053024
1053042
1054230
1054203
1054320
1054302
1054023
1054032
1050234
1050243
1050324
1050342
1050423
1050432
1002345
1002354
1002435
1002453
1002534
1002543
1003245
1003254
1003425
1003452
1003524
1003542
1004235
1004253
1004325
1004352
1004523
1004532
1005234
1005243
1005324
1005342
1005423
1005432
2134500
2134500
2134050
2134005
2134050
2134005
2135400
2135400
2135040
2135004
2135040
2135004
2130450
2130405
2130540
2130504
2130045
2130054
2130450
2130405
2130540
2130504
2130045
2130054
2143500
2143500
2143050
2143005
2143050
2143005
2145300
2145300
2145030
2145003
2145030
2145003
2140350
2140305
2140530
2140503
2140035
2140053
2140350
2140305
2140530
2140503
2140035
2140053
2153400
2153400
2153040
2153004
2153040
2153004
2154300
2154300
2154030
2154003
2154030
2154003
2150340
2150304
2150430
2150403
2150034
2150043
2150340
2150304
2150430
2150403
2150034
2150043
2103450
2103405
2103540
2103504
2103045
2103054
2104350
2104305
2104530
2104503
2104035
2104053
2105340
2105304
2105430
2105403
2105034
2105043
2100345
2100354
2100435
2100453
2100534
2100543
2103450
2103405
2103540
2103504
2103045
2103054
2104350
2104305
2104530
2104503
2104035
2104053
2105340
2105304
2105430
2105403
2105034
2105043
2100345
2100354
2100435
2100453
2100534
2100543
2314500
2314500
2314050
2314005
2314050
2314005
2315400
2315400
2315040
2315004
2315040
2315004
2310450
2310405
2310540
2310504
2310045
2310054
2310450
2310405
2310540
2310504
2310045
2310054
2341500
2341500
2341050
2341005
2341050
2341005
2345100
2345100
2345010
2345001
2345010
2345001
2340150
2340105
2340510
2340501
2340015
2340051
2340150
2340105
2340510
2340501
2340015
2340051
2351400
2351400
2351040
2351004
2351040
2351004
2354100
2354100
2354010
2354001
2354010
2354001
2350140
2350104
2350410
2350401
2350014
2350041
2350140
2350104
2350410
2350401
2350014
2350041
2301450
2301405
2301540
2301504
2301045
2301054
2304150
2304105
2304510
2304501
2304015
2304051
2305140
2305104
2305410
2305401
2305014
2305041
2300145
2300154
2300415
2300451
2300514
2300541
2301450
2301405
2301540
2301504
2301045
2301054
2304150
2304105
2304510
2304501
2304015
2304051
2305140
2305104
2305410
2305401
2305014
2305041
2300145
2300154
2300415
2300451
2300514
2300541
2413500
2413500
2413050
2413005
2413050
2413005
2415300
2415300
2415030
2415003
2415030
2415003
2410350
2410305
2410530
2410503
2410035
2410053
2410350
2410305
2410530
2410503
2410035
2410053
2431500
2431500
2431050
2431005
2431050
2431005
2435100
2435100
2435010
2435001
2435010
2435001
2430150
2430105
2430510
2430501
2430015
2430051
2430150
2430105
2430510
2430501
2430015
2430051
2451300
2451300
2451030
2451003
2451030
2451003
2453100
2453100
2453010
2453001
2453010
2453001
2450130
2450103
2450310
2450301
2450013
2450031
2450130
2450103
2450310
2450301
2450013
2450031
2401350
2401305
2401530
2401503
2401035
2401053
2403150
2403105
2403510
2403501
2403015
2403051
2405130
2405103
2405310
2405301
2405013
2405031
2400135
2400153
2400315
2400351
2400513
2400531
2401350
2401305
2401530
2401503
2401035
2401053
2403150
2403105
2403510
2403501
2403015
2403051
2405130
2405103
2405310
2405301
2405013
2405031
2400135
2400153
2400315
2400351
2400513
2400531
2513400
2513400
2513040
2513004
2513040
2513004
2514300
2514300
2514030
2514003
2514030
2514003
2510340
2510304
2510430
2510403
2510034
2510043
2510340
2510304
2510430
2510403
2510034
2510043
2531400
2531400
2531040
2531004
2531040
2531004
2534100
2534100
2534010
2534001
2534010
2534001
2530140
2530104
2530410
2530401
2530014
2530041
2530140
2530104
2530410
2530401
2530014
2530041
2541300
2541300
2541030
2541003
2541030
2541003
2543100
2543100
2543010
2543001
2543010
2543001
2540130
2540103
2540310
2540301
2540013
2540031
2540130
2540103
2540310
2540301
2540013
2540031
2501340
2501304
2501430
2501403
2501034
2501043
2503140
2503104
2503410
2503401
2503014
2503041
2504130
2504103
2504310
2504301
2504013
2504031
2500134
2500143
2500314
2500341
2500413
2500431
2501340
2501304
2501430
2501403
2501034
2501043
2503140
2503104
2503410
2503401
2503014
2503041
2504130
2504103
2504310
2504301
2504013
2504031
2500134
2500143
2500314
2500341
2500413
2500431
2013450
2013405
2013540
2013504
2013045
2013054
2014350
2014305
2014530
2014503
2014035
2014053
2015340
2015304
2015430
2015403
2015034
2015043
2010345
2010354
2010435
2010453
2010534
2010543
2031450
2031405
2031540
2031504
2031045
2031054
2034150
2034105
2034510
2034501
2034015
2034051
2035140
2035104
2035410
2035401
2035014
2035041
2030145
2030154
2030415
2030451
2030514
2030541
2041350
2041305
2041530
2041503
2041035
2041053
2043150
2043105
2043510
2043501
2043015
2043051
2045130
2045103
2045310
2045301
2045013
2045031
2040135
2040153
2040315
2040351
2040513
2040531
2051340
2051304
2051430
2051403
2051034
2051043
2053140
2053104
2053410
2053401
2053014
2053041
2054130
2054103
2054310
2054301
2054013
2054031
2050134
2050143
2050314
2050341
2050413
2050431
2001345
2001354
2001435
2001453
2001534
2001543
2003145
2003154
2003415
2003451
2003514
2003541
2004135
2004153
2004315
2004351
2004513
2004531
2005134
2005143
2005314
2005341
2005413
2005431
2013450
2013405
2013540
2013504
2013045
2013054
2014350
2014305
2014530
2014503
2014035
2014053
2015340
2015304
2015430
2015403
2015034
2015043
2010345
2010354
2010435
2010453
2010534
2010543
2031450
2031405
2031540
2031504
2031045
2031054
2034150
2034105
2034510
2034501
2034015
2034051
2035140
2035104
2035410
2035401
2035014
2035041
2030145
2030154
2030415
2030451
2030514
2030541
2041350
2041305
2041530
2041503
2041035
2041053
2043150
2043105
2043510
2043501
2043015
2043051
2045130
2045103
2045310
2045301
2045013
2045031
2040135
2040153
2040315
2040351
2040513
2040531
2051340
2051304
2051430
2051403
2051034
2051043
2053140
2053104
2053410
2053401
2053014
2053041
2054130
2054103
2054310
2054301
2054013
2054031
2050134
2050143
2050314
2050341
2050413
2050431
2001345
2001354
2001435
2001453
2001534
2001543
2003145
2003154
2003415
2003451
2003514
2003541
2004135
2004153
2004315
2004351
2004513
2004531
2005134
2005143
2005314
2005341
2005413
2005431
3124500
3124500
3124050
3124005
3124050
3124005
3125400
3125400
3125040
3125004
3125040
3125004
3120450
3120405
3120540
3120504
3120045
3120054
3120450
3120405
3120540
3120504
3120045
3120054
3142500
3142500
3142050
3142005
3142050
3142005
3145200
3145200
3145020
3145002
3145020
3145002
3140250
3140205
3140520
3140502
3140025
3140052
3140250
3140205
3140520
3140502
3140025
3140052
3152400
3152400
3152040
3152004
3152040
3152004
3154200
3154200
3154020
3154002
3154020
3154002
3150240
3150204
3150420
3150402
3150024
3150042
3150240
3150204
3150420
3150402
3150024
3150042
3102450
3102405
3102540
3102504
3102045
3102054
3104250
3104205
3104520
3104502
3104025
3104052
3105240
3105204
3105420
3105402
3105024
3105042
3100245
3100254
3100425
3100452
3100524
3100542
3102450
3102405
3102540
3102504
3102045
3102054
3104250
3104205
3104520
3104502
3104025
3104052
3105240
3105204
3105420
3105402
3105024
3105042
3100245
3100254
3100425
3100452
3100524
3100542
3214500
3214500
3214050
3214005
3214050
3214005
3215400
3215400
3215040
3215004
3215040
3215004
3210450
3210405
3210540
3210504
3210045
3210054
3210450
3210405
3210540
3210504
3210045
3210054
3241500
3241500
3241050
3241005
3241050
3241005
3245100
3245100
3245010
3245001
3245010
3245001
3240150
3240105
3240510
3240501
3240015
3240051
3240150
3240105
3240510
3240501
3240015
3240051
3251400
3251400
3251040
3251004
3251040
3251004
3254100
3254100
3254010
3254001
3254010
3254001
3250140
3250104
3250410
3250401
3250014
3250041
3250140
3250104
3250410
3250401
3250014
3250041
3201450
3201405
3201540
3201504
3201045
3201054
3204150
3204105
3204510
3204501
3204015
3204051
3205140
3205104
3205410
3205401
3205014
3205041
3200145
3200154
3200415
3200451
3200514
3200541
3201450
3201405
3201540
3201504
3201045
3201054
3204150
3204105
3204510
3204501
3204015
3204051
3205140
3205104
3205410
3205401
3205014
3205041
3200145
3200154
3200415
3200451
3200514
3200541
3412500
3412500
3412050
3412005
3412050
3412005
3415200
3415200
3415020
3415002
3415020
3415002
3410250
3410205
3410520
3410502
3410025
3410052
3410250
3410205
3410520
3410502
3410025
3410052
3421500
3421500
3421050
3421005
3421050
3421005
3425100
3425100
3425010
3425001
3425010
3425001
3420150
3420105
3420510
3420501
3420015
3420051
3420150
3420105
3420510
3420501
3420015
3420051
3451200
3451200
3451020
3451002
3451020
3451002
3452100
3452100
3452010
3452001
3452010
3452001
3450120
3450102
3450210
3450201
3450012
3450021
3450120
3450102
3450210
3450201
3450012
3450021
3401250
3401205
3401520
3401502
3401025
3401052
3402150
3402105
3402510
3402501
3402015
3402051
3405120
3405102
3405210
3405201
3405012
3405021
3400125
3400152
3400215
3400251
3400512
3400521
3401250
3401205
3401520
3401502
3401025
3401052
3402150
3402105
3402510
3402501
3402015
3402051
3405120
3405102
3405210
3405201
3405012
3405021
3400125
3400152
3400215
3400251
3400512
3400521
3512400
3512400
3512040
3512004
3512040
3512004
3514200
3514200
3514020
3514002
3514020
3514002
3510240
3510204
3510420
3510402
3510024
3510042
3510240
3510204
3510420
3510402
3510024
3510042
3521400
3521400
3521040
3521004
3521040
3521004
3524100
3524100
3524010
3524001
3524010
3524001
3520140
3520104
3520410
3520401
3520014
3520041
3520140
3520104
3520410
3520401
3520014
3520041
3541200
3541200
3541020
3541002
3541020
3541002
3542100
3542100
3542010
3542001
3542010
3542001
3540120
3540102
3540210
3540201
3540012
3540021
3540120
3540102
3540210
3540201
3540012
3540021
3501240
3501204
3501420
3501402
3501024
3501042
3502140
3502104
3502410
3502401
3502014
3502041
3504120
3504102
3504210
3504201
3504012
3504021
3500124
3500142
3500214
3500241
3500412
3500421
3501240
3501204
3501420
3501402
3501024
3501042
3502140
3502104
3502410
3502401
3502014
3502041
3504120
3504102
3504210
3504201
3504012
3504021
3500124
3500142
3500214
3500241
3500412
3500421
3012450
3012405
3012540
3012504
3012045
3012054
3014250
3014205
3014520
3014502
3014025
3014052
3015240
3015204
3015420
3015402
3015024
3015042
3010245
3010254
3010425
3010452
3010524
3010542
3021450
3021405
3021540
3021504
3021045
3021054
3024150
3024105
3024510
3024501
3024015
3024051
3025140
3025104
3025410
3025401
3025014
3025041
3020145
3020154
3020415
3020451
3020514
3020541
3041250
3041205
3041520
3041502
3041025
3041052
3042150
3042105
3042510
3042501
3042015
3042051
3045120
3045102
3045210
3045201
3045012
3045021
3040125
3040152
3040215
3040251
3040512
3040521
3051240
3051204
3051420
3051402
3051024
3051042
3052140
3052104
3052410
3052401
3052014
3052041
3054120
3054102
3054210
3054201
3054012
3054021
3050124
3050142
3050214
3050241
3050412
3050421
3001245
3001254
3001425
3001452
3001524
3001542
3002145
3002154
3002415
3002451
3002514
3002541
3004125
3004152
3004215
3004251
3004512
3004521
3005124
3005142
3005214
3005241
3005412
3005421
3012450
3012405
3012540
3012504
3012045
3012054
3014250
3014205
3014520
3014502
3014025
3014052
3015240
3015204
3015420
3015402
3015024
3015042
3010245
3010254
3010425
3010452
3010524
3010542
3021450
3021405
3021540
3021504
3021045
3021054
3024150
3024105
3024510
3024501
3024015
3024051
3025140
3025104
3025410
3025401
3025014
3025041
3020145
3020154
3020415
3020451
3020514
3020541
3041250
3041205
3041520
3041502
3041025
3041052
3042150
3042105
3042510
3042501
3042015
3042051
3045120
3045102
3045210
3045201
3045012
3045021
3040125
3040152
3040215
3040251
3040512
3040521
3051240
3051204
3051420
3051402
3051024
3051042
3052140
3052104
3052410
3052401
3052014
3052041
3054120
3054102
3054210
3054201
3054012
3054021
3050124
3050142
3050214
3050241
3050412
3050421
3001245
3001254
3001425
3001452
3001524
3001542
3002145
3002154
3002415
3002451
3002514
3002541
3004125
3004152
3004215
3004251
3004512
3004521
3005124
3005142
3005214
3005241
3005412
3005421
4123500
4123500
4123050
4123005
4123050
4123005
4125300
4125300
4125030
4125003
4125030
4125003
4120350
4120305
4120530
4120503
4120035
4120053
4120350
4120305
4120530
4120503
4120035
4120053
4132500
4132500
4132050
4132005
4132050
4132005
4135200
4135200
4135020
4135002
4135020
4135002
4130250
4130205
4130520
4130502
4130025
4130052
4130250
4130205
4130520
4130502
4130025
4130052
4152300
4152300
4152030
4152003
4152030
4152003
4153200
4153200
4153020
4153002
4153020
4153002
4150230
4150203
4150320
4150302
4150023
4150032
4150230
4150203
4150320
4150302
4150023
4150032
4102350
4102305
4102530
4102503
4102035
4102053
4103250
4103205
4103520
4103502
4103025
4103052
4105230
4105203
4105320
4105302
4105023
4105032
4100235
4100253
4100325
4100352
4100523
4100532
4102350
4102305
4102530
4102503
4102035
4102053
4103250
4103205
4103520
4103502
4103025
4103052
4105230
4105203
4105320
4105302
4105023
4105032
4100235
4100253
4100325
4100352
4100523
4100532
4213500
4213500
4213050
4213005
4213050
4213005
4215300
4215300
4215030
4215003
4215030
4215003
4210350
4210305
4210530
4210503
4210035
4210053
4210350
4210305
4210530
4210503
4210035
4210053
4231500
4231500
4231050
4231005
4231050
4231005
4235100
4235100
4235010
4235001
4235010
4235001
4230150
4230105
4230510
4230501
4230015
4230051
4230150
4230105
4230510
4230501
4230015
4230051
4251300
4251300
4251030
4251003
4251030
4251003
4253100
4253100
4253010
4253001
4253010
4253001
4250130
4250103
4250310
4250301
4250013
4250031
4250130
4250103
4250310
4250301
4250013
4250031
4201350
4201305
4201530
4201503
4201035
4201053
4203150
4203105
4203510
4203501
4203015
4203051
4205130
4205103
4205310
4205301
4205013
4205031
4200135
4200153
4200315
4200351
4200513
4200531
4201350
4201305
4201530
4201503
4201035
4201053
4203150
4203105
4203510
4203501
4203015
4203051
4205130
4205103
4205310
4205301
4205013
4205031
4200135
4200153
4200315
4200351
4200513
4200531
4312500
4312500
4312050
4312005
4312050
4312005
4315200
4315200
4315020
4315002
4315020
4315002
4310250
4310205
4310520
4310502
4310025
4310052
4310250
4310205
4310520
4310502
4310025
4310052
4321500
4321500
4321050
4321005
4321050
4321005
4325100
4325100
4325010
4325001
4325010
4325001
4320150
4320105
4320510
4320501
4320015
4320051
4320150
4320105
4320510
4320501
4320015
4320051
4351200
4351200
4351020
4351002
4351020
4351002
4352100
4352100
4352010
4352001
4352010
4352001
4350120
4350102
4350210
4350201
4350012
4350021
4350120
4350102
4350210
4350201
4350012
4350021
4301250
4301205
4301520
4301502
4301025
4301052
4302150
4302105
4302510
4302501
4302015
4302051
4305120
4305102
4305210
4305201
4305012
4305021
4300125
4300152
4300215
4300251
4300512
4300521
4301250
4301205
4301520
4301502
4301025
4301052
4302150
4302105
4302510
4302501
4302015
4302051
4305120
4305102
4305210
4305201
4305012
4305021
4300125
4300152
4300215
4300251
4300512
4300521
4512300
4512300
4512030
4512003
4512030
4512003
4513200
4513200
4513020
4513002
4513020
4513002
4510230
4510203
4510320
4510302
4510023
4510032
4510230
4510203
4510320
4510302
4510023
4510032
4521300
4521300
4521030
4521003
4521030
4521003
4523100
4523100
4523010
4523001
4523010
4523001
4520130
4520103
4520310
4520301
4520013
4520031
4520130
4520103
4520310
4520301
4520013
4520031
4531200
4531200
4531020
4531002
4531020
4531002
4532100
4532100
4532010
4532001
4532010
4532001
4530120
4530102
4530210
4530201
4530012
4530021
4530120
4530102
4530210
4530201
4530012
4530021
4501230
4501203
4501320
4501302
4501023
4501032
4502130
4502103
4502310
4502301
4502013
4502031
4503120
4503102
4503210
4503201
4503012
4503021
4500123
4500132
4500213
4500231
4500312
4500321
4501230
4501203
4501320
4501302
4501023
4501032
4502130
4502103
4502310
4502301
4502013
4502031
4503120
4503102
4503210
4503201
4503012
4503021
4500123
4500132
4500213
4500231
4500312
4500321
4012350
4012305
4012530
4012503
4012035
4012053
4013250
4013205
4013520
4013502
4013025
4013052
4015230
4015203
4015320
4015302
4015023
4015032
4010235
4010253
4010325
4010352
4010523
4010532
4021350
4021305
4021530
4021503
4021035
4021053
4023150
4023105
4023510
4023501
4023015
4023051
4025130
4025103
4025310
4025301
4025013
4025031
4020135
4020153
4020315
4020351
4020513
4020531
4031250
4031205
4031520
4031502
4031025
4031052
4032150
4032105
4032510
4032501
4032015
4032051
4035120
4035102
4035210
4035201
4035012
4035021
4030125
4030152
4030215
4030251
4030512
4030521
4051230
4051203
4051320
4051302
4051023
4051032
4052130
4052103
4052310
4052301
4052013
4052031
4053120
4053102
4053210
4053201
4053012
4053021
4050123
4050132
4050213
4050231
4050312
4050321
4001235
4001253
4001325
4001352
4001523
4001532
4002135
4002153
4002315
4002351
4002513
4002531
4003125
4003152
4003215
4003251
4003512
4003521
4005123
4005132
4005213
4005231
4005312
4005321
4012350
4012305
4012530
4012503
4012035
4012053
4013250
4013205
4013520
4013502
4013025
4013052
4015230
4015203
4015320
4015302
4015023
4015032
4010235
4010253
4010325
4010352
4010523
4010532
4021350
4021305
4021530
4021503
4021035
4021053
4023150
4023105
4023510
4023501
4023015
4023051
4025130
4025103
4025310
4025301
4025013
4025031
4020135
4020153
4020315
4020351
4020513
4020531
4031250
4031205
4031520
4031502
4031025
4031052
4032150
4032105
4032510
4032501
4032015
4032051
4035120
4035102
4035210
4035201
4035012
4035021
4030125
4030152
4030215
4030251
4030512
4030521
4051230
4051203
4051320
4051302
4051023
4051032
4052130
4052103
4052310
4052301
4052013
4052031
4053120
4053102
4053210
4053201
4053012
4053021
4050123
4050132
4050213
4050231
4050312
4050321
4001235
4001253
4001325
4001352
4001523
4001532
4002135
4002153
4002315
4002351
4002513
4002531
4003125
4003152
4003215
4003251
4003512
4003521
4005123
4005132
4005213
4005231
4005312
4005321
5123400
5123400
5123040
5123004
5123040
5123004
5124300
5124300
5124030
5124003
5124030
5124003
5120340
5120304
5120430
5120403
5120034
5120043
5120340
5120304
5120430
5120403
5120034
5120043
5132400
5132400
5132040
5132004
5132040
5132004
5134200
5134200
5134020
5134002
5134020
5134002
5130240
5130204
5130420
5130402
5130024
5130042
5130240
5130204
5130420
5130402
5130024
5130042
5142300
5142300
5142030
5142003
5142030
5142003
5143200
5143200
5143020
5143002
5143020
5143002
5140230
5140203
5140320
5140302
5140023
5140032
5140230
5140203
5140320
5140302
5140023
5140032
5102340
5102304
5102430
5102403
5102034
5102043
5103240
5103204
5103420
5103402
5103024
5103042
5104230
5104203
5104320
5104302
5104023
5104032
5100234
5100243
5100324
5100342
5100423
5100432
5102340
5102304
5102430
5102403
5102034
5102043
5103240
5103204
5103420
5103402
5103024
5103042
5104230
5104203
5104320
5104302
5104023
5104032
5100234
5100243
5100324
5100342
5100423
5100432
5213400
5213400
5213040
5213004
5213040
5213004
5214300
5214300
5214030
5214003
5214030
5214003
5210340
5210304
5210430
5210403
5210034
5210043
5210340
5210304
5210430
5210403
5210034
5210043
5231400
5231400
5231040
5231004
5231040
5231004
5234100
5234100
5234010
5234001
5234010
5234001
5230140
5230104
5230410
5230401
5230014
5230041
5230140
5230104
5230410
5230401
5230014
5230041
5241300
5241300
5241030
5241003
5241030
5241003
5243100
5243100
5243010
5243001
5243010
5243001
5240130
5240103
5240310
5240301
5240013
5240031
5240130
5240103
5240310
5240301
5240013
5240031
5201340
5201304
5201430
5201403
5201034
5201043
5203140
5203104
5203410
5203401
5203014
5203041
5204130
5204103
5204310
5204301
5204013
5204031
5200134
5200143
5200314
5200341
5200413
5200431
5201340
5201304
5201430
5201403
5201034
5201043
5203140
5203104
5203410
5203401
5203014
5203041
5204130
5204103
5204310
5204301
5204013
5204031
5200134
5200143
5200314
5200341
5200413
5200431
5312400
5312400
5312040
5312004
5312040
5312004
5314200
5314200
5314020
5314002
5314020
5314002
5310240
5310204
5310420
5310402
5310024
5310042
5310240
5310204
5310420
5310402
5310024
5310042
5321400
5321400
5321040
5321004
5321040
5321004
5324100
5324100
5324010
5324001
5324010
5324001
5320140
5320104
5320410
5320401
5320014
5320041
5320140
5320104
5320410
5320401
5320014
5320041
5341200
5341200
5341020
5341002
5341020
5341002
5342100
5342100
5342010
5342001
5342010
5342001
5340120
5340102
5340210
5340201
5340012
5340021
5340120
5340102
5340210
5340201
5340012
5340021
5301240
5301204
5301420
5301402
5301024
5301042
5302140
5302104
5302410
5302401
5302014
5302041
5304120
5304102
5304210
5304201
5304012
5304021
5300124
5300142
5300214
5300241
5300412
5300421
5301240
5301204
5301420
5301402
5301024
5301042
5302140
5302104
5302410
5302401
5302014
5302041
5304120
5304102
5304210
5304201
5304012
5304021
5300124
5300142
5300214
5300241
5300412
5300421
5412300
5412300
5412030
5412003
5412030
5412003
5413200
5413200
5413020
5413002
5413020
5413002
5410230
5410203
5410320
5410302
5410023
5410032
5410230
5410203
5410320
5410302
5410023
5410032
5421300
5421300
5421030
5421003
5421030
5421003
5423100
5423100
5423010
5423001
5423010
5423001
5420130
5420103
5420310
5420301
5420013
5420031
5420130
5420103
5420310
5420301
5420013
5420031
5431200
5431200
5431020
5431002
5431020
5431002
5432100
5432100
5432010
5432001
5432010
5432001
5430120
5430102
5430210
5430201
5430012
5430021
5430120
5430102
5430210
5430201
5430012
5430021
5401230
5401203
5401320
5401302
5401023
5401032
5402130
5402103
5402310
5402301
5402013
5402031
5403120
5403102
5403210
5403201
5403012
5403021
5400123
5400132
5400213
5400231
5400312
5400321
5401230
5401203
5401320
5401302
5401023
5401032
5402130
5402103
5402310
5402301
5402013
5402031
5403120
5403102
5403210
5403201
5403012
5403021
5400123
5400132
5400213
5400231
5400312
5400321
5012340
5012304
5012430
5012403
5012034
5012043
5013240
5013204
5013420
5013402
5013024
5013042
5014230
5014203
5014320
5014302
5014023
5014032
5010234
5010243
5010324
5010342
5010423
5010432
5021340
5021304
5021430
5021403
5021034
5021043
5023140
5023104
5023410
5023401
5023014
5023041
5024130
5024103
5024310
5024301
5024013
5024031
5020134
5020143
5020314
5020341
5020413
5020431
5031240
5031204
5031420
5031402
5031024
5031042
5032140
5032104
5032410
5032401
5032014
5032041
5034120
5034102
5034210
5034201
5034012
5034021
5030124
5030142
5030214
5030241
5030412
5030421
5041230
5041203
5041320
5041302
5041023
5041032
5042130
5042103
5042310
5042301
5042013
5042031
5043120
5043102
5043210
5043201
5043012
5043021
5040123
5040132
5040213
5040231
5040312
5040321
5001234
5001243
5001324
5001342
5001423
5001432
5002134
5002143
5002314
5002341
5002413
5002431
5003124
5003142
5003214
5003241
5003412
5003421
5004123
5004132
5004213
5004231
5004312
5004321
5012340
5012304
5012430
5012403
5012034
5012043
5013240
5013204
5013420
5013402
5013024
5013042
5014230
5014203
5014320
5014302
5014023
5014032
5010234
5010243
5010324
5010342
5010423
5010432
5021340
5021304
5021430
5021403
5021034
5021043
5023140
5023104
5023410
5023401
5023014
5023041
5024130
5024103
5024310
5024301
5024013
5024031
5020134
5020143
5020314
5020341
5020413
5020431
5031240
5031204
5031420
5031402
5031024
5031042
5032140
5032104
5032410
5032401
5032014
5032041
5034120
5034102
5034210
5034201
5034012
5034021
5030124
5030142
5030214
5030241
5030412
5030421
5041230
5041203
5041320
5041302
5041023
5041032
5042130
5042103
5042310
5042301
5042013
5042031
5043120
5043102
5043210
5043201
5043012
5043021
5040123
5040132
5040213
5040231
5040312
5040321
5001234
5001243
5001324
5001342
5001423
5001432
5002134
5002143
5002314
5002341
5002413
5002431
5003124
5003142
5003214
5003241
5003412
5003421
5004123
5004132
5004213
5004231
5004312
5004321
0123450
0123405
0123540
0123504
0123045
0123054
0124350
0124305
0124530
0124503
0124035
0124053
0125340
0125304
0125430
0125403
0125034
0125043
0120345
0120354
0120435
0120453
0120534
0120543
0132450
0132405
0132540
0132504
0132045
0132054
0134250
0134205
0134520
0134502
0134025
0134052
0135240
0135204
0135420
0135402
0135024
0135042
0130245
0130254
0130425
0130452
0130524
0130542
0142350
0142305
0142530
0142503
0142035
0142053
0143250
0143205
0143520
0143502
0143025
0143052
0145230
0145203
0145320
0145302
0145023
0145032
0140235
0140253
0140325
0140352
0140523
0140532
0152340
0152304
0152430
0152403
0152034
0152043
0153240
0153204
0153420
0153402
0153024
0153042
0154230
0154203
0154320
0154302
0154023
0154032
0150234
0150243
0150324
0150342
0150423
0150432
0102345
0102354
0102435
0102453
0102534
0102543
0103245
0103254
0103425
0103452
0103524
0103542
0104235
0104253
0104325
0104352
0104523
0104532
0105234
0105243
0105324
0105342
0105423
0105432
0213450
0213405
0213540
0213504
0213045
0213054
0214350
0214305
0214530
0214503
0214035
0214053
0215340
0215304
0215430
0215403
0215034
0215043
0210345
0210354
0210435
0210453
0210534
0210543
0231450
0231405
0231540
0231504
0231045
0231054
0234150
0234105
0234510
0234501
0234015
0234051
0235140
0235104
0235410
0235401
0235014
0235041
0230145
0230154
0230415
0230451
0230514
0230541
0241350
0241305
0241530
0241503
0241035
0241053
0243150
0243105
0243510
0243501
0243015
0243051
0245130
0245103
0245310
0245301
0245013
0245031
0240135
0240153
0240315
0240351
0240513
0240531
0251340
0251304
0251430
0251403
0251034
0251043
0253140
0253104
0253410
0253401
0253014
0253041
0254130
0254103
0254310
0254301
0254013
0254031
0250134
0250143
0250314
0250341
0250413
0250431
0201345
0201354
0201435
0201453
0201534
0201543
0203145
0203154
0203415
0203451
0203514
0203541
0204135
0204153
0204315
0204351
0204513
0204531
0205134
0205143
0205314
0205341
0205413
0205431
0312450
0312405
0312540
0312504
0312045
0312054
0314250
0314205
0314520
0314502
0314025
0314052
0315240
0315204
0315420
0315402
0315024
0315042
0310245
0310254
0310425
0310452
0310524
0310542
0321450
0321405
0321540
0321504
0321045
0321054
0324150
0324105
0324510
0324501
0324015
0324051
0325140
0325104
0325410
0325401
0325014
0325041
0320145
0320154
0320415
0320451
0320514
0320541
0341250
0341205
0341520
0341502
0341025
0341052
0342150
0342105
0342510
0342501
0342015
0342051
0345120
0345102
0345210
0345201
0345012
0345021
0340125
0340152
0340215
0340251
0340512
0340521
0351240
0351204
0351420
0351402
0351024
0351042
0352140
0352104
0352410
0352401
0352014
0352041
0354120
0354102
0354210
0354201
0354012
0354021
0350124
0350142
0350214
0350241
0350412
0350421
0301245
0301254
0301425
0301452
0301524
0301542
0302145
0302154
0302415
0302451
0302514
0302541
0304125
0304152
0304215
0304251
0304512
0304521
0305124
0305142
0305214
0305241
0305412
0305421
0412350
0412305
0412530
0412503
0412035
0412053
0413250
0413205
0413520
0413502
0413025
0413052
0415230
0415203
0415320
0415302
0415023
0415032
0410235
0410253
0410325
0410352
0410523
0410532
0421350
0421305
0421530
0421503
0421035
0421053
0423150
0423105
0423510
0423501
0423015
0423051
0425130
0425103
0425310
0425301
0425013
0425031
0420135
0420153
0420315
0420351
0420513
0420531
0431250
0431205
0431520
0431502
0431025
0431052
0432150
0432105
0432510
0432501
0432015
0432051
0435120
0435102
0435210
0435201
0435012
0435021
0430125
0430152
0430215
0430251
0430512
0430521
0451230
0451203
0451320
0451302
0451023
0451032
0452130
0452103
0452310
0452301
0452013
0452031
0453120
0453102
0453210
0453201
0453012
0453021
0450123
0450132
0450213
0450231
0450312
0450321
0401235
0401253
0401325
0401352
0401523
0401532
0402135
0402153
0402315
0402351
0402513
0402531
0403125
0403152
0403215
0403251
0403512
0403521
0405123
0405132
0405213
0405231
0405312
0405321
0512340
0512304
0512430
0512403
0512034
0512043
0513240
0513204
0513420
0513402
0513024
0513042
0514230
0514203
0514320
0514302
0514023
0514032
0510234
0510243
0510324
0510342
0510423
0510432
0521340
0521304
0521430
0521403
0521034
0521043
0523140
0523104
0523410
0523401
0523014
0523041
0524130
0524103
0524310
0524301
0524013
0524031
0520134
0520143
0520314
0520341
0520413
0520431
0531240
0531204
0531420
0531402
0531024
0531042
0532140
0532104
0532410
0532401
0532014
0532041
0534120
0534102
0534210
0534201
0534012
0534021
0530124
0530142
0530214
0530241
0530412
0530421
0541230
0541203
0541320
0541302
0541023
0541032
0542130
0542103
0542310
0542301
0542013
0542031
0543120
0543102
0543210
0543201
0543012
0543021
0540123
0540132
0540213
0540231
0540312
0540321
0501234
0501243
0501324
0501342
0501423
0501432
0502134
0502143
0502314
0502341
0502413
0502431
0503124
0503142
0503214
0503241
0503412
0503421
0504123
0504132
0504213
0504231
0504312
0504321
0012345
0012354
0012435
0012453
0012534
0012543
0013245
0013254
0013425
0013452
0013524
0013542
0014235
0014253
0014325
0014352
0014523
0014532
0015234
0015243
0015324
0015342
0015423
0015432
0021345
0021354
0021435
0021453
0021534
0021543
0023145
0023154
0023415
0023451
0023514
0023541
0024135
0024153
0024315
0024351
0024513
0024531
0025134
0025143
0025314
0025341
0025413
0025431
0031245
0031254
0031425
0031452
0031524
0031542
0032145
0032154
0032415
0032451
0032514
0032541
0034125
0034152
0034215
0034251
0034512
0034521
0035124
0035142
0035214
0035241
0035412
0035421
0041235
0041253
0041325
0041352
0041523
0041532
0042135
0042153
0042315
0042351
0042513
0042531
0043125
0043152
0043215
0043251
0043512
0043521
0045123
0045132
0045213
0045231
0045312
0045321
0051234
0051243
0051324
0051342
0051423
0051432
0052134
0052143
0052314
0052341
0052413
0052431
0053124
0053142
0053214
0053241
0053412
0053421
0054123
0054132
0054213
0054231
0054312
0054321
0123450
0123405
0123540
0123504
0123045
0123054
0124350
0124305
0124530
0124503
0124035
0124053
0125340
0125304
0125430
0125403
0125034
0125043
0120345
0120354
0120435
0120453
0120534
0120543
0132450
0132405
0132540
0132504
0132045
0132054
0134250
0134205
0134520
0134502
0134025
0134052
0135240
0135204
0135420
0135402
0135024
0135042
0130245
0130254
0130425
0130452
0130524
0130542
0142350
0142305
0142530
0142503
0142035
0142053
0143250
0143205
0143520
0143502
0143025
0143052
0145230
0145203
0145320
0145302
0145023
0145032
0140235
0140253
0140325
0140352
0140523
0140532
0152340
0152304
0152430
0152403
0152034
0152043
0153240
0153204
0153420
0153402
0153024
0153042
0154230
0154203
0154320
0154302
0154023
0154032
0150234
0150243
0150324
0150342
0150423
0150432
0102345
0102354
0102435
0102453
0102534
0102543
0103245
0103254
0103425
0103452
0103524
0103542
0104235
0104253
0104325
0104352
0104523
0104532
0105234
0105243
0105324
0105342
0105423
0105432
0213450
0213405
0213540
0213504
0213045
0213054
0214350
0214305
0214530
0214503
0214035
0214053
0215340
0215304
0215430
0215403
0215034
0215043
0210345
0210354
0210435
0210453
0210534
0210543
0231450
0231405
0231540
0231504
0231045
0231054
0234150
0234105
0234510
0234501
0234015
0234051
0235140
0235104
0235410
0235401
0235014
0235041
0230145
0230154
0230415
0230451
0230514
0230541
0241350
0241305
0241530
0241503
0241035
0241053
0243150
0243105
0243510
0243501
0243015
0243051
0245130
0245103
0245310
0245301
0245013
0245031
0240135
0240153
0240315
0240351
0240513
0240531
0251340
0251304
0251430
0251403
0251034
0251043
0253140
0253104
0253410
0253401
0253014
0253041
0254130
0254103
0254310
0254301
0254013
0254031
0250134
0250143
0250314
0250341
0250413
0250431
0201345
0201354
0201435
0201453
0201534
0201543
0203145
0203154
0203415
0203451
0203514
0203541
0204135
0204153
0204315
0204351
0204513
0204531
0205134
0205143
0205314
0205341
0205413
0205431
0312450
0312405
0312540
0312504
0312045
0312054
0314250
0314205
0314520
0314502
0314025
0314052
0315240
0315204
0315420
0315402
0315024
0315042
0310245
0310254
0310425
0310452
0310524
0310542
0321450
0321405
0321540
0321504
0321045
0321054
0324150
0324105
0324510
0324501
0324015
0324051
0325140
0325104
0325410
0325401
0325014
0325041
0320145
0320154
0320415
0320451
0320514
0320541
0341250
0341205
0341520
0341502
0341025
0341052
0342150
0342105
0342510
0342501
0342015
0342051
0345120
0345102
0345210
0345201
0345012
0345021
0340125
0340152
0340215
0340251
0340512
0340521
0351240
0351204
0351420
0351402
0351024
0351042
0352140
0352104
0352410
0352401
0352014
0352041
0354120
0354102
0354210
0354201
0354012
0354021
0350124
0350142
0350214
0350241
0350412
0350421
0301245
0301254
0301425
0301452
0301524
0301542
0302145
0302154
0302415
0302451
0302514
0302541
0304125
0304152
0304215
0304251
0304512
0304521
0305124
0305142
0305214
0305241
0305412
0305421
0412350
0412305
0412530
0412503
0412035
0412053
0413250
0413205
0413520
0413502
0413025
0413052
0415230
0415203
0415320
0415302
0415023
0415032
0410235
0410253
0410325
0410352
0410523
0410532
0421350
0421305
0421530
0421503
0421035
0421053
0423150
0423105
0423510
0423501
0423015
0423051
0425130
0425103
0425310
0425301
0425013
0425031
0420135
0420153
0420315
0420351
0420513
0420531
0431250
0431205
0431520
0431502
0431025
0431052
0432150
0432105
0432510
0432501
0432015
0432051
0435120
0435102
0435210
0435201
0435012
0435021
0430125
0430152
0430215
0430251
0430512
0430521
0451230
0451203
0451320
0451302
0451023
0451032
0452130
0452103
0452310
0452301
0452013
0452031
0453120
0453102
0453210
0453201
0453012
0453021
0450123
0450132
0450213
0450231
0450312
0450321
0401235
0401253
0401325
0401352
0401523
0401532
0402135
0402153
0402315
0402351
0402513
0402531
0403125
0403152
0403215
0403251
0403512
0403521
0405123
0405132
0405213
0405231
0405312
0405321
0512340
0512304
0512430
0512403
0512034
0512043
0513240
0513204
0513420
0513402
0513024
0513042
0514230
0514203
0514320
0514302
0514023
0514032
0510234
0510243
0510324
0510342
0510423
0510432
0521340
0521304
0521430
0521403
0521034
0521043
0523140
0523104
0523410
0523401
0523014
0523041
0524130
0524103
0524310
0524301
0524013
0524031
0520134
0520143
0520314
0520341
0520413
0520431
0531240
0531204
0531420
0531402
0531024
0531042
0532140
0532104
0532410
0532401
0532014
0532041
0534120
0534102
0534210
0534201
0534012
0534021
0530124
0530142
0530214
0530241
0530412
0530421
0541230
0541203
0541320
0541302
0541023
0541032
0542130
0542103
0542310
0542301
0542013
0542031
0543120
0543102
0543210
0543201
0543012
0543021
0540123
0540132
0540213
0540231
0540312
0540321
0501234
0501243
0501324
0501342
0501423
0501432
0502134
0502143
0502314
0502341
0502413
0502431
0503124
0503142
0503214
0503241
0503412
0503421
0504123
0504132
0504213
0504231
0504312
0504321
0012345
0012354
0012435
0012453
0012534
0012543
0013245
0013254
0013425
0013452
0013524
0013542
0014235
0014253
0014325
0014352
0014523
0014532
0015234
0015243
0015324
0015342
0015423
0015432
0021345
0021354
0021435
0021453
0021534
0021543
0023145
0023154
0023415
0023451
0023514
0023541
0024135
0024153
0024315
0024351
0024513
0024531
0025134
0025143
0025314
0025341
0025413
0025431
0031245
0031254
0031425
0031452
0031524
0031542
0032145
0032154
0032415
0032451
0032514
0032541
0034125
0034152
0034215
0034251
0034512
0034521
0035124
0035142
0035214
0035241
0035412
0035421
0041235
0041253
0041325
0041352
0041523
0041532
0042135
0042153
0042315
0042351
0042513
0042531
0043125
0043152
0043215
0043251
0043512
0043521
0045123
0045132
0045213
0045231
0045312
0045321
0051234
0051243
0051324
0051342
0051423
0051432
0052134
0052143
0052314
0052341
0052413
0052431
0053124
0053142
0053214
0053241
0053412
0053421
0054123
0054132
0054213
0054231
0054312
0054321
